648.00
646.00
639.00
654.00
630.00
622.00
617.00
613.00
661.00
695.00
690.00
707.00
817.00
839.00
810.00
789.00
760.00
724.00
704.00
691.00
745.00
803.00
780.00
761.00
857.00
907.00
873.00
910.00
900.00
880.00
867.00
854.00
928.00
1064.00
1103.00
1026.00
1102.00
1080.00
1034.00
1083.00
1078.00
1020.00
984.00
952.00
1033.00
1114.00
1160.00
1058.00
1209.00
1200.00
1130.00
1182.00
1152.00
1116.00
1098.00
1044.00
1142.00
1222.00
1234.00
1155.00
1286.00
1281.00
1224.00
1280.00
1228.00
1181.00
1156.00
1124.00
1152.00
1205.00
1260.00
1188.00
1212.00
1269.00
1246.00
1299.00
1284.00
1345.00
1341.00
1308.00
1448.00
1454.00
1467.00
1431.00
1510.00
1558.00
1536.00
1523.00
1492.00
1437.00
