26.663
23.598
26.931
24.74
25.806
24.364
24.477
23.901
23.175
23.227
21.672
21.87
21.439
21.089
23.709
21.669
21.752
20.761
23.479
23.824
23.105
23.11
21.759
22.073
21.937
20.035
23.59
21.672
22.222
22.123
23.95
23.504
22.238
23.142
21.059
21.573
21.548
20
22.424
20.615
21.761
22.874
24.104
23.748
23.262
22.907
21.519
22.025
22.604
20.894
24.677
23.673
25.32
23.583
24.671
24.454
24.122
24.252
22.084
22.991
23.287
23.049
25.076
24.037
24.43
24.667
26.451
25.618
25.014
25.11
22.964
23.981
23.798
22.27
24.775
22.646
23.988
24.737
26.276
25.816
25.21
25.199
23.162
24.707
24.364
22.644
25.565
24.062
25.431
24.635
27.009
26.606
26.268
26.462
25.246
25.18
24.657
23.304
26.982
26.199
27.21
26.122
26.706
26.878
26.152
26.379
24.712
25.688
24.99
24.239
26.721
23.475
24.767
26.219
28.361
28.599
27.914
27.784
25.693
26.881
26.217
24.218
27.914
26.975
28.527
27.139
28.982
28.169
28.056
29.136
26.291
26.987
26.589
24.848
27.543
26.896
28.878
27.39
28.065
28.141
29.048
28.484
26.634
27.735
