209.00
214.00
265.00
290.00
287.00
270.00
263.00
265.00
252.00
281.00
259.00
312.00
275.00
250.00
312.00
331.00
256.00
247.00
291.00
318.00
296.00
291.00
313.00
311.00
273.00
258.00
361.00
391.00
446.00
433.00
449.00
479.00
460.00
466.00
410.00
415.00
382.00
409.00
496.00
471.00
488.00
584.00
610.00
684.00
626.00
580.00
444.00
552.00
473.00
431.00
513.00
467.00
470.00
455.00
406.00
424.00
406.00
373.00
332.00
310.00
301.00
296.00
333.00
374.00
422.00
424.00
341.00
216.00
319.00
383.00
360.00
400.00
386.00
397.00
486.00
528.00
541.00
542.00
534.00
502.00
454.00
505.00
450.00
414.00
341.00
370.00
481.00
508.00
521.00
597.00
474.00
440.00
408.00
396.00
381.00
657.00
440.00
477.00
637.00
652.00
661.00
681.00
647.00
659.00
655.00
576.00
509.00
631.00
432.00
448.00
545.00
564.00
560.00
540.00
535.00
568.00
421.00
424.00
404.00
514.00
437.00
439.00
573.00
549.00
556.00
517.00
543.00
492.00
495.00
464.00
409.00
512.00
382.00
334.00
401.00
418.00
424.00
411.00
400.00
371.00
317.00
321.00
335.00
511.00
421.00
425.00
498.00
575.00
584.00
586.00
567.00
534.00
458.00
535.00
429.00
431.00
430.00
494.00
597.00
647.00
647.00
596.00
547.00
525.00
459.00
548.00
543.00
544.00
414.00
375.00
480.00
496.00
544.00
572.00
501.00
471.00
371.00
550.00
558.00
526.00
506.00
473.00
592.00
635.00
644.00
602.00
614.00
540.00
374.00
678.00
638.00
644.00
554.00
498.00
624.00
759.00
715.00
692.00
706.00
553.00
404.00
715.00
640.00
712.00
612.00
552.00
637.00
812.00
781.00
754.00
724.00
649.00
565.00
659.00
564.00
757.00
667.00
631.00
799.00
896.00
841.00
842.00
834.00
767.00
590.00
746.00
794.00
909.00
607.00
722.00
879.00
823.00
777.00
753.00
833.00
744.00
574.00
767.00
732.00
808.00
