208.00
241.00
274.00
256.00
294.00
281.00
251.00
230.00
240.00
249.00
272.00
270.00
281.00
295.00
213.00
205.00
263.00
270.00
266.00
312.00
294.00
243.00
187.00
284.00
274.00
311.00
270.00
264.00
220.00
219.00
263.00
271.00
305.00
283.00
269.00
229.00
222.00
281.00
277.00
265.00
282.00
271.00
242.00
212.00
268.00
279.00
272.00
252.00
294.00
235.00
202.00
268.00
295.00
314.00
279.00
314.00
239.00
236.00
290.00
307.00
303.00
300.00
275.00
253.00
204.00
294.00
305.00
318.00
281.00
295.00
251.00
226.00
286.00
309.00
319.00
311.00
294.00
266.00
221.00
294.00
301.00
288.00
301.00
289.00
258.00
217.00
237.00
311.00
260.00
308.00
316.00
258.00
229.00
290.00
326.00
313.00
302.00
270.00
249.00
194.00
253.00
314.00
298.00
343.00
319.00
244.00
235.00
288.00
347.00
285.00
300.00
285.00
231.00
240.00
333.00
284.00
304.00
324.00
255.00
248.00
261.00
311.00
299.00
304.00
319.00
321.00
245.00
188.00
302.00
316.00
316.00
311.00
280.00
199.00
225.00
320.00
294.00
328.00
279.00
309.00
255.00
230.00
264.00
292.00
322.00
302.00
312.00
211.00
222.00
293.00
253.00
307.00
271.00
314.00
217.00
227.00
293.00
293.00
281.00
285.00
286.00
226.00
233.00
279.00
305.00
269.00
276.00
298.00
205.00
217.00
264.00
295.00
346.00
333.00
219.00
231.00
200.00
265.00
294.00
307.00
327.00
298.00
239.00
212.00
263.00
292.00
266.00
298.00
288.00
237.00
239.00
260.00
285.00
279.00
297.00
306.00
220.00
219.00
256.00
304.00
303.00
250.00
280.00
219.00
209.00
269.00
277.00
308.00
274.00
291.00
270.00
227.00
252.00
286.00
296.00
303.00
279.00
224.00
205.00
256.00
319.00
302.00
281.00
272.00
244.00
212.00
278.00
297.00
266.00
300.00
290.00
220.00
233.00
226.00
268.00
272.00
251.00
293.00
210.00
242.00
267.00
289.00
293.00
318.00
270.00
204.00
219.00
213.00
256.00
283.00
265.00
291.00
205.00
241.00
263.00
277.00
273.00
293.00
292.00
240.00
207.00
286.00
325.00
316.00
292.00
306.00
246.00
202.00
313.00
321.00
333.00
319.00
336.00
252.00
208.00
259.00
293.00
271.00
305.00
297.00
223.00
224.00
274.00
280.00
312.00
292.00
300.00
263.00
227.00
269.00
292.00
286.00
313.00
267.00
231.00
196.00
259.00
309.00
332.00
267.00
256.00
246.00
202.00
252.00
306.00
291.00
239.00
275.00
202.00
193.00
276.00
279.00
257.00
241.00
265.00
243.00
192.00
224.00
264.00
284.00
274.00
286.00
220.00
227.00
250.00
281.00
267.00
236.00
282.00
226.00
207.00
289.00
269.00
294.00
258.00
296.00
219.00
227.00
227.00
257.00
259.00
255.00
219.00
200.00
193.00
231.00
258.00
243.00
265.00
256.00
195.00
184.00
236.00
300.00
264.00
300.00
207.00
175.00
142.00
181.00
223.00
268.00
241.00
234.00
173.00
188.00
221.00
216.00
277.00
261.00
270.00
191.00
191.00
247.00
289.00
273.00
279.00
256.00
222.00
204.00
227.00
289.00
267.00
261.00
261.00
247.00
214.00
250.00
276.00
275.00
270.00
267.00
218.00
193.00
243.00
285.00
244.00
289.00
274.00
235.00
209.00
281.00
313.00
282.00
285.00
298.00
259.00
184.00
266.00
312.00
285.00
288.00
286.00
218.00
227.00
290.00
292.00
288.00
276.00
300.00
208.00
206.00
276.00
325.00
288.00
264.00
326.00
240.00
207.00
265.00
292.00
308.00
282.00
288.00
218.00
201.00
250.00
301.00
314.00
315.00
312.00
255.00
220.00
281.00
303.00
333.00
319.00
265.00
201.00
207.00
265.00
317.00
287.00
318.00
291.00
268.00
217.00
272.00
275.00
335.00
303.00
305.00
257.00
247.00
310.00
314.00
271.00
323.00
266.00
240.00
189.00
279.00
299.00
315.00
321.00
321.00
262.00
228.00
279.00
269.00
297.00
305.00
301.00
243.00
211.00
292.00
303.00
300.00
279.00
296.00
239.00
217.00
292.00
309.00
303.00
269.00
317.00
245.00
260.00
312.00
285.00
306.00
344.00
324.00
244.00
218.00
250.00
287.00
346.00
310.00
295.00
241.00
242.00
260.00
272.00
338.00
313.00
268.00
225.00
220.00
261.00
279.00
282.00
302.00
281.00
203.00
193.00
284.00
303.00
305.00
268.00
277.00
224.00
211.00
274.00
309.00
309.00
285.00
230.00
212.00
225.00
271.00
287.00
304.00
307.00
242.00
198.00
198.00
242.00
284.00
290.00
315.00
299.00
244.00
249.00
279.00
295.00
286.00
275.00
261.00
210.00
200.00
290.00
264.00
252.00
285.00
252.00
247.00
222.00
234.00
285.00
262.00
283.00
279.00
221.00
208.00
258.00
291.00
290.00
299.00
239.00
236.00
212.00
282.00
304.00
265.00
300.00
257.00
208.00
202.00
283.00
282.00
272.00
321.00
295.00
244.00
210.00
246.00
283.00
284.00
255.00
245.00
217.00
178.00
287.00
279.00
249.00
271.00
278.00
196.00
213.00
200.00
298.00
279.00
269.00
278.00
221.00
202.00
246.00
301.00
256.00
290.00
302.00
228.00
212.00
255.00
313.00
271.00
296.00
284.00
238.00
220.00
287.00
350.00
287.00
342.00
298.00
215.00
228.00
272.00
275.00
255.00
282.00
300.00
217.00
175.00
224.00
265.00
304.00
256.00
276.00
187.00
222.00
231.00
292.00
247.00
259.00
278.00
236.00
228.00
263.00
293.00
285.00
220.00
258.00
224.00
201.00
212.00
247.00
280.00
253.00
237.00
186.00
193.00
221.00
288.00
273.00
282.00
249.00
220.00
189.00
272.00
267.00
270.00
283.00
263.00
216.00
190.00
262.00
265.00
255.00
247.00
271.00
203.00
206.00
242.00
275.00
249.00
288.00
278.00
233.00
205.00
242.00
254.00
255.00
283.00
273.00
199.00
208.00
269.00
297.00
262.00
268.00
288.00
238.00
204.00
262.00
283.00
271.00
274.00
242.00
208.00
190.00
179.00
202.00
240.00
283.00
260
199
211
208
219
229
242
280
