00000047 09 47 04 12 01 00025 00006 00018 00023 00028 00017 00016 00016 00017 00016 00019 00020 00029 00028 00026 00007 00010 00018 00022 00017 00013 00015 00013 00012 00020 00026 00014 00005 00006 00014 00017
00000047 09 47 04 12 02 00018 00011 00009 00006 00007 00010 00006 00009 00013 00017 00011 00010 00008 00008 00010 00010 00012 00014 00011 00007 00015 00016 00020 00017 00013 00019 00010 00018 00019
00000047 09 47 04 12 03 00018 00017 00010 00006 00005 00008 00009 00013 00011 00012 00011 00013 00016 00018 00013 00014 00013 00005 00005 00006 00008 00014 00012 00011 00014 00014 00017 00020 00016 00014 00016
00000047 09 47 04 12 04 00015 00009 00008 00008 00008 00005 00005 00009 00009 00008 00006 00007 00006 00004 00005 00007 00008 00005 00006 00007 00007 00006 00007 00006 00009 00006 00007 00004 00005 00006
00000047 09 47 04 12 05 00007 00009 00010 00006 00006 00006 00009 00007 00012 00014 00015 00020 00016 00013 00011 00014 00020 00019 00009 00008 00010 00008 00009 00013 00019 00008 00008 00011 00010 00016 00015
00000047 09 47 04 12 06 00015 00020 00008 00008 00010 00008 00006 00006 00009 00006 00006 00006 00007 00012 00006 00011 00006 00010 00016 00010 00007 00007 00012 00012 00012 00016 00035 00051 00042 00007
00000047 09 47 04 12 07 00005 00008 00017 00013 00009 00008 00009 00008 00010 00008 00013 00015 00014 00009 00012 00017 00010 00013 00020 00019 00012 00007 00014 00017 00019 00022 00015 00019 00018 00015 00015
00000047 09 47 04 12 08 00017 00009 00017 00015 00010 00008 00011 00017 00033 00050 00034 00016 00012 00007 00008 00008 00017 00025 00034 00039 00039 00038 00013 00010 00006 00007 00011 00010 00007 00008 00005
00000047 09 47 04 12 09 00006 00005 00007 00007 00025 00019 00021 00024 00020 00029 00025 00021 00005 00012 00009 00013 00018 00015 00014 00019 00013 00017 00011 00005 00006 00005 00009 00009 00004 00006
00000047 09 47 04 12 10 00012 00013 00016 00018 00019 00019 00018 00018 00015 00009 00005 00007 00005 00007 00006 00011 00014 00013 00005 00006 00011 00014 00017 00014 00006 00006 00009 00005 00011 00010 00008
00000047 09 47 04 12 11 00007 00006 00008 00008 00006 00008 00008 00010 00006 00005 00005 00006 00007 00011 00012 00012 00011 00008 00010 00016 00014 00012 00017 00018 00024 00009 00006 00005 00006 00006
00000047 09 47 04 12 12 00007 00015 00016 00007 00005 00010 00015 00011 00012 00018 00017 00018 00021 00006 00005 00005 00007 00014 00011 00007 00007 00008 00013 00015 00014 00012 00017 00020 00015 00015 00011
00000047 09 47 04 13 01 00009 00011 00011 00016 00019 00022 00018 00016 00014 00015 00010 00005 00003 00005 00004 00004 00005 00004 00003 00004 00004 00003 00004 00005 00010 00008 00009 00009 00021 00022 00022
00000047 09 47 04 13 02 00016 00003 00005 00014 00014 00004 00006 00005 00005 00006 00004 00005 00011 00016 00013 00016 00016 00011 00010 00008 00005 00004 00008 00008 00007 00006 00009 00007
00000047 09 47 04 13 03 00009 00010 00008 00008 00010 00007 00005 00007 00005 00004 00005 00005 00005 00006 00007 00007 00009 00006 00011 00008 00011 00012 00007 00005 00006 00004 00003 00005 00004 00007 00006
00000047 09 47 04 13 04 00005 00006 00008 00006 00007 00006 00007 00007 00007 00007 00006 00008 00012 00010 00012 00015 00015 00013 00007 00005 00006 00007 00009 00011 00014 00009 00004 00005 00005 00006
00000047 09 47 04 13 05 00007 00006 00005 00008 00009 00011 00007 00010 00008 00006 00006 00008 00010 00010 00005 00006 00005 00005 00006 00007 00006 00010 00007 00006 00008 00009 00008 00006 00005 00006 00008
00000047 09 47 04 13 06 00006 00006 00008 00010 00013 00012 00011 00005 00007 00008 00008 00008 00011 00008 00010 00009 00006 00005 00006 00007 00010 00012 00010 00010 00013 00008 00014 00014 00005 00009
00000047 09 47 04 13 07 00011 00011 00013 00011 00013 00012 00012 00014 00018 00015 00020 00020 00017 00015 00013 00016 00018 00015 00016 00018 00014 00015 00016 00012 00014 00011 00011 00008 00008 00012 00013
00000047 09 47 04 13 08 00015 00013 00007 00010 00011 00009 00007 00005 00009 00007 00008 00013 00010 00010 00013 00012 00011 00011 00014 00008 00011 00020 00024 00021 00007 00009 00008 00008 00009 00010 00007
00000047 09 47 04 13 09 00011 00011 00011 00010 00010 00012 00010 00011 00008 00009 00005 00010 00010 00012 00011 00008 00014 00007 00006 00006 00008 00010 00014 00016 00018 00022 00015 00006 00005 00004
00000047 09 47 04 13 10 00005 00012 00011 00008 00009 00006 00010 00013 00013 00011 00009 00009 00013 00013 00009 00011 00016 00021 00016 00007 00011 00012 00008 00013 00009 00009 00014 00012 00007 00008 00014
00000047 09 47 04 13 11 00013 00011 00008 00006 00004 00010 00007 00008 00005 00007 00012 00010 00005 00006 00005 00006 00006 00008 00009 00007 00006 00006 00007 00007 00010 00009 00007 00010 00016 00014
00000047 09 47 04 13 12 00006 00015 00018 00024 00023 00011 00016 00019 00021 00021 00015 00020 00026 00016 00013 00013 00017 00020 00004 00007 00014 00016 00016 00006 00004 00006 00005 00006 00008 00014 00011
00000047 09 47 04 14 01 00006 00005 00006 00004 00007 00008 00011 00017 00022 00020 00019 00023 00007 00005 00007 00005 00005 00005 00006 00006 00008 00006 00011 00014 00008 00010 00004 00004 00005 00005 00006
00000047 09 47 04 14 02 00004 00006 00008 00005 00007 00006 00006 00005 00006 00006 00006 00008 00007 00005 00005 00008 00012 00011 00014 00013 00005 00009 00009 00008 00008 00007 00011 00007
00000047 09 47 04 14 03 00007 00003 00004 00005 00007 00011 00012 00014 00010 00014 00014 00017 00018 00017 00017 00012 00015 00016 00013 00017 00019 00005 00006 00010 00007 00005 00008 00011 00013 00008 00010
00000047 09 47 04 14 04 00009 00008 00005 00007 00006 00012 00012 00011 00014 00015 00017 00014 00013 00013 00012 00011 00010 00008 00013 00006 00005 00008 00009 00008 00007 00007 00009 00012 00013 00012
00000047 09 47 04 14 05 00011 00010 00006 00011 00017 00018 00019 00024 00015 00013 00009 00013 00012 00010 00012 00009 00009 00008 00019 00016 00013 00011 00011 00009 00012 00008 00009 00012 00010 00007 00006
00000047 09 47 04 14 06 00006 00009 00010 00009 00009 00020 00007 00009 00009 00010 00014 00014 00014 00009 00008 00009 00010 00013 00018 00015 00008 00009 00010 00008 00009 00012 00011 00007 00006 00008
00000047 09 47 04 14 07 00007 00010 00010 00009 00011 00006 00005 00009 00007 00006 00007 00007 00008 00010 00012 00018 00021 00020 00008 00005 00007 00008 00010 00012 00014 00015 00016 00015 00005 00007 00013
00000047 09 47 04 14 08 00015 00009 00005 00009 00011 00011 00009 00008 00008 00008 00008 00006 00005 00007 00008 00010 00010 00012 00010 00012 00008 00008 00007 00009 00011 00009 00011 00012 00008 00011 00012
00000047 09 47 04 14 09 00011 00012 00013 00008 00009 00009 00008 00007 00009 00011 00006 00007 00008 00007 00007 00009 00007 00005 00005 00008 00009 00007 00008 00008 00022 00020 00016 00017 00016 00015
00000047 09 47 04 14 10 00013 00013 00013 00013 00013 00013 00006 00009 00007 00006 00006 00005 00006 00007 00010 00008 00014 00015 00016 00022 00025 00015 00012 00021 00015 00015 00019 00022 00024 00024 00021
00000047 09 47 04 14 11 00020 00016 00007 00006 00009 00010 00007 00007 00007 00011 00009 00008 00009 00006 00006 00007 00006 00014 00016 00013 00016 00017 00028 00023 00024 00010 00008 00006 00008 00010
00000047 09 47 04 14 12 00009 00009 00007 00007 00012 00010 00007 00012 00013 00017 00021 00019 00013 00009 00009 00017 00023 00027 00029 00018 00011 00013 00015 00019 00011 00017 00015 00007 00005 00015 00023
00000047 09 47 04 15 01 00030 00023 00022 00020 00022 00024 00001 00001 00001 00001 00001 00001 00001 00001 00001 00001 00001 00001 00001 00001 00009 00006 00015 00013 00009 00015 00013 00019 00012 00004 00002
00000047 09 47 04 15 02 00003 00004 00003 00006 00005 00004 00012 00012 00010 00009 00011 00013 00016 00006 00006 00006 00003 00006 00014 00021 00006 00005 00006 00003 00004 00005 00006 00007
00000047 09 47 04 15 03 00004 00009 00017 00012 00004 00009 00014 00009 00012 00011 00021 00026 00019 00004 00012 00019 00022 00010 00008 00013 00007 00005 00008 00005 00002 00005 00006 00014 00007 00013 00014
00000047 09 47 04 15 04 00008 00005 00004 00004 00004 00008 00009 00008 00009 00017 00014 00016 00017 00016 00012 00007 00011 00011 00003 00006 00007 00008 00012 00014 00005 00004 00003 00006 00006 00009
00000047 09 47 04 15 05 00008 00007 00008 00012 00004 00007 00011 00008 00011 00014 00012 00016 00025 00018 00005 00003 00005 00007 00006 00004 00004 00004 00005 00005 00007 00005 00006 00011 00011 00010 00009
00000047 09 47 04 15 06 00010 00012 00014 00008 00011 00011 00009 00010 00010 00014 00013 00008 00010 00005 00005 00007 00007 00009 00010 00008 00013 00017 00014 00009 00011 00016 00018 00019 00019 00018
00000047 09 47 04 15 07 00015 00007 00015 00013 00016 00019 00019 00015 00011 00016 00011 00012 00013 00013 00015 00021 00015 00011 00007 00009 00010 00010 00010 00010 00007 00010 00008 00009 00006 00009 00005
00000047 09 47 04 15 08 00005 00009 00015 00011 00012 00012 00023 00026 00006 00012 00019 00009 00004 00004 00004 00005 00006 00007 00008 00010 00012 00009 00007 00003 00006 00009 00006 00009 00011 00011 00014
00000047 09 47 04 15 09 00010 00010 00009 00005 00007 00007 00008 00009 00011 00007 00009 00009 00006 00005 00005 00004 00004 00004 00008 00010 00015 00011 00006 00006 00009 00012 00009 00005 00009 00008
00000047 09 47 04 15 10 00011 00008 00014 00013 00011 00004 00007 00009 00013 00009 00007 00005 00010 00013 00012 00016 00013 00009 00008 00005 00007 00011 00017 00019 00012 00011 00007 00004 00008 00015 00012
00000047 09 47 04 15 11 00006 00003 00004 00012 00012 00026 00022 00013 00014 00024 00027 00025 00019 00014 00021 00028 00032 00032 00023 00021 00006 00004 00004 00015 00004 00010 00009 00012 00018 00027
00000047 09 47 04 15 12 00029 00037 00033 00035 00027 00023 00022 00030 00021 00019 00013 00011 00023 00018 00029 00033 00034 00033 00034 00025 00030 00028 00029 00029 00039 00031 00018 00014 00009 00008 00011
00000047 09 47 04 16 01 00014 00005 00005 00003 00002 00004 00002 00004 00004 00003 00003 00006 00015 00016 00007 00006 00014 00011 00010 00019 00018 00028 00021 00016 00023 00030 00033 00021 00010 00011 00013
00000047 09 47 04 16 02 00023 00028 00010 00006 00011 00021 00004 00005 00003 00003 00004 00004 00003 00003 00003 00003 00009 00006 00004 00008 00020 00047 00018 00016 00004 00004 00003 00003 00007
00000047 09 47 04 16 03 00011 00011 00007 00013 00003 00003 00003 00004 00007 00003 00004 00012 00012 00015 00015 00016 00013 00012 00007 00005 00006 00006 00012 00013 00013 00014 00003 00005 00006 00010 00004
00000047 09 47 04 16 04 00004 00007 00009 00007 00005 00005 00006 00003 00004 00004 00004 00004 00003 00008 00009 00005 00003 00005 00009 00006 00005 00006 00008 00003 00006 00009 00010 00006 00007 00007
00000047 09 47 04 16 05 00004 00006 00008 00009 00011 00007 00007 00005 00003 00006 00005 00003 00004 00006 00007 00009 00009 00013 00006 00009 00013 00008 00006 00010 00006 00007 00010 00005 00004 00003 00005
00000047 09 47 04 16 06 00007 00006 00012 00010 00008 00009 00008 00012 00014 00012 00010 00008 00006 00004 00003 00006 00005 00006 00005 00011 00008 00006 00012 00018 00015 00013 00017 00028 00021 00013
00000047 09 47 04 16 07 00010 00009 00017 00019 00015 00017 00013 00013 00016 00018 00012 00009 00007 00005 00008 00013 00011 00010 00016 00019 00004 00002 00002 00003 00002 00010 00018 00016 00016 00015 00013
00000047 09 47 04 16 08 00012 00015 00015 00010 00011 00006 00011 00010 00008 00006 00005 00011 00012 00008 00011 00021 00016 00012 00012 00010 00012 00013 00017 00007 00006 00011 00020 00025 00017 00010 00015
00000047 09 47 04 16 09 00014 00013 00015 00020 00026 00019 00019 00025 00015 00013 00016 00018 00011 00006 00006 00007 00006 00007 00007 00011 00009 00013 00015 00014 00013 00010 00006 00006 00011 00010
00000047 09 47 04 16 10 00012 00012 00015 00016 00020 00019 00016 00019 00017 00012 00012 00012 00005 00008 00014 00013 00016 00011 00016 00017 00018 00015 00004 00004 00012 00026 00023 00023 00020 00013 00016
00000047 09 47 04 16 11 00019 00022 00023 00013 00006 00003 00005 00006 00007 00015 00020 00019 00015 00006 00010 00016 00025 00026 00023 00008 00004 00009 00007 00010 00009 00007 00005 00011 00011 00007
00000047 09 47 04 16 12 00008 00016 00014 00006 00007 00013 00020 00019 00018 00015 00019 00025 00028 00021 00017 00011 00007 00007 00011 00020 00023 00025 00025 00013 00014 00022 00023 00022 00024 00024 00023
