00000059 14 06 04 12 01 00013 00039 00008 00009 00006 00024 00019 00017 00018 00022 00024 00015 00007 00008 00006 00028 00038 00017 00010 00019 00031 00016 00025 00028 00017 00010 00025 00048 00059 00026 00014
00000059 14 06 04 12 02 00013 00054 00064 00062 00051 00045 00050 00056 00030 00038 00055 00058 00058 00035 00049 00047 00044 00040 00040 00053 00028 00034 00034 00031 00035 00032 00038 00038 00038
00000059 14 06 04 12 03 00045 00029 00037 00038 00058 00058 00051 00047 00044 00052 00046 00040 00037 00042 00050 00055 00059 00071 00065 00066 00046 00025 00046 00060 00053 00057 00066 00071 00073 00059 00061
00000059 14 06 04 12 04 00058 00053 00052 00036 00057 00073 00072 00048 00057 00055 00073 00055 00071 00079 00081 00082 00058 00074 00076 00068 00054 00072 00071 00083 00064 00054 00034 00074 00071 00060
00000059 14 06 04 12 05 00048 00059 00031 00053 00062 00055 00046 00039 00037 00054 00056 00050 00058 00059 00077 00069 00061 00071 00056 00061 00063 00055 00061 00071 00074 00073 00066 00074 00077 00062 00075
00000059 14 06 04 12 06 00074 00070 00068 00070 00075 00040 00049 00066 00062 00053 00068 00060 00063 00066 00050 00040 00047 00043 00046 00056 00064 00074 00083 00092 00090 00068 00050 00067 00068 00077
00000059 14 06 04 12 07 00068 00063 00059 00056 00064 00060 00059 00066 00063 00070 00067 00080 00056 00062 00076 00073 00066 00077 00062 00062 00079 00083 00079 00093 00089 00076 00082 00081 00080 00080 00073
00000059 14 06 04 12 08 00065 00063 00078 00071 00050 00059 00067 00071 00059 00044 00052 00074 00065 00056 00058 00052 00056 00060 00065 00047 00041 00050 00053 00065 00066 00067 00064 00056 00040 00070 00063
00000059 14 06 04 12 09 00067 00078 00078 00072 00071 00074 00066 00082 00068 00055 00048 00050 00060 00047 00049 00057 00043 00038 00066 00058 00052 00038 00034 00058 00056 00049 00032 00023 00047 00045
00000059 14 06 04 12 10 00027 00028 00037 00041 00043 00046 00029 00033 00022 00019 00040 00032 00046 00045 00043 00025 00028 00035 00037 00039 00029 00017 00024 00014 00029 00034 00035 00057 00023 00024 00028
00000059 14 06 04 12 11 00046 00038 00022 00027 00034 00039 00038 00015 00025 00049 00059 00045 00040 00035 00025 00030 00038 00036 00017 00008 00016 00024 00008 00006 00005 00043 00050 00042 00062 00053
00000059 14 06 04 12 12 00066 00037 00014 00048 00076 00019 00016 00057 00032 00011 00025 00020 00013 00044 00078 00074 00052 00011 00009 00038 00054 00028 00034 00025 00035 00023 00009 00006 00003 00008 00009
00000059 14 06 04 13 01 00016 00022 00023 00014 00006 00006 00004 00007 00009 00004 00011 00028 00050 00035 00043 00035 00038 00032 00046 00048 00044 00034 00052 00040 00019 00042 00022 00032 00012 00011 00010
00000059 14 06 04 13 02 00016 00051 00049 00016 00022 00051 00042 00049 00049 00033 00053 00039 00019 00016 00024 00023 00023 00026 00037 00034 00041 00047 00051 00053 00056 00049 00044 00052
00000059 14 06 04 13 03 00058 00052 00061 00057 00033 00036 00044 00042 00056 00065 00057 00058 00069 00057 00038 00054 00034 00067 00032 00049 00038 00031 00050 00062 00053 00040 00054 00062 00054 00075 00056
00000059 14 06 04 13 04 00063 00062 00035 00055 00062 00076 00052 00064 00062 00055 00051 00055 00045 00060 00052 00042 00056 00047 00060 00078 00073 00086 00094 00080 00095 00086 00086 00091 00079 00071
00000059 14 06 04 13 05 00063 00070 00094 00094 00086 00078 00066 00048 00050 00057 00082 00094 00086 00084 00078 00065 00074 00078 00092 00075 00085 00087 00086 00075 00072 00091 00070 00083 00084 00077 00095
00000059 14 06 04 13 06 00110 00100 00100 00100 00100 00109 00091 00099 00090 00080 00077 00060 00052 00062 00082 00000 00088 00075 00074 00089 00083 00090 00075 00097 00104 00100 00103 00114 00071 00096
00000059 14 06 04 13 07 00091 00104 00092 00071 00095 00106 00124 00123 00110 00094 00100 00102 00091 00107 00095 00104 00111 00111 00092 00085 00077 00071 00051 00057 00053 00042 00057 00061 00053 00060 00070
00000059 14 06 04 13 08 00064 00054 00065 00068 00054 00050 00061 00065 00069 00073 00070 00063 00076 00070 00076 00062 00080 00071 00068 00070 00067 00061 00067 00067 00066 00062 00070 00064 00069 00066 00077
00000059 14 06 04 13 09 00086 00072 00061 00065 00077 00070 00060 00065 00055 00066 00046 00056 00050 00050 00053 00050 00043 00050 00049 00049 00050 00055 00038 00034 00045 00042 00032 00046 00047 00029
00000059 14 06 04 13 10 00021 00018 00018 00024 00028 00042 00039 00035 00041 00041 00036 00049 00034 00024 00027 00012 00018 00028 00029 00033 00021 00026 00034 00020 00022 00028 00036 00030 00044 00045 00015
00000059 14 06 04 13 11 00028 00031 00029 00039 00052 00031 00035 00033 00049 00043 00032 00029 00040 00041 00045 00038 00023 00018 00038 00050 00040 00044 00040 00047 00040 00037 00050 00038 00024 00029
00000059 14 06 04 13 12 00042 00024 00027 00026 00020 00029 00025 00024 00025 00032 00032 00023 00006 00023 00033 00033 00019 00014 00035 00044 00021 00021 00014 00035 00056 00045 00037 00053 00034 00016 00021
00000059 14 06 04 14 01 00037 00034 00038 00056 00046 00035 00028 00018 00018 00018 00017 00010 00033 00043 00025 00040 00041 00043 00045 00047 00025 00037 00046 00021 00036 00023 00051 00043 00044 00045 00040
00000059 14 06 04 14 02 00052 00041 00021 00041 00049 00040 00043 00051 00049 00058 00031 00024 00029 00030 00042 00027 00021 00032 00020 00019 00056 00029 00034 00040 00039 00057 00019 00046
00000059 14 06 04 14 03 00049 00041 00059 00055 00044 00028 00042 00043 00061 00053 00062 00059 00046 00037 00060 00046 00037 00042 00058 00047 00042 00060 00067 00038 00065 00062 00041 00051 00059 00057 00042
00000059 14 06 04 14 04 00042 00047 00057 00066 00043 00031 00035 00038 00045 00043 00044 00062 00058 00058 00065 00058 00069 00080 00054 00067 00050 00055 00049 00050 00077 00056 00075 00055 00050 00047
00000059 14 06 04 14 05 00064 00061 00071 00071 00059 00051 00040 00061 00070 00069 00058 00064 00070 00078 00083 00087 00096 00096 00087 00074 00070 00062 00072 00079 00075 00074 00075 00061 00052 00069 00079
00000059 14 06 04 14 06 00083 00090 00081 00075 00080 00062 00054 00056 00059 00059 00078 00079 00081 00093 00089 00092 00100 00104 00086 00081 00074 00066 00063 00067 00084 00077 00071 00046 00079 00072
00000059 14 06 04 14 07 00068 00073 00061 00064 00077 00048 00060 00071 00067 00075 00076 00075 00077 00074 00083 00078 00070 00075 00067 00067 00069 00079 00084 00094 00078 00096 00101 00093 00075 00089 00082
00000059 14 06 04 14 08 00085 00077 00062 00064 00090 00082 00075 00059 00058 00077 00066 00069 00072 00082 00084 00079 00076 00071 00076 00079 00065 00067 00067 00074 00066 00051 00053 00050 00057 00070 00073
00000059 14 06 04 14 09 00068 00071 00064 00057 00050 00046 00047 00067 00064 00066 00062 00052 00050 00054 00047 00053 00050 00043 00038 00035 00060 00051 00047 00043 00058 00055 00058 00064 00037 00045
00000059 14 06 04 14 10 00049 00044 00043 00049 00058 00040 00045 00033 00026 00029 00037 00059 00054 00053 00033 00037 00032 00046 00056 00042 00035 00056 00041 00041 00048 00047 00036 00036 00038 00040 00041
00000059 14 06 04 14 11 00040 00053 00043 00070 00054 00037 00054 00061 00062 00042 00041 00056 00034 00057 00066 00059 00058 00022 00033 00038 00035 00035 00037 00031 00027 00044 00036 00055 00049 00034
00000059 14 06 04 14 12 00065 00058 00035 00040 00024 00072 00076 00022 00067 00025 00015 00017 00030 00060 00046 00021 00014 00014 00015 00027 00035 00038 00040 00033 00049 00028 00027 00087 00078 00028 00016
00000059 14 06 04 15 01 00020 00022 00024 00032 00025 00022 00029 00033 00021 00021 00032 00040 00024 00011 00030 00071 00046 00037 00061 00016 00036 00058 00066 00060 00087 00037 00054 00022 00038 00056 00089
00000059 14 06 04 15 02 00092 00058 00075 00092 00092 00076 00042 00061 00067 00050 00047 00048 00051 00084 00076 00060 00092 00081 00054 00042 00075 00064 00063 00084 00057 00034 00050 00053
00000059 14 06 04 15 03 00063 00034 00024 00050 00071 00050 00042 00064 00052 00043 00046 00047 00055 00083 00085 00057 00073 00080 00077 00078 00081 00076 00056 00072 00080 00061 00047 00049 00060 00056 00056
00000059 14 06 04 15 04 00080 00080 00062 00083 00085 00082 00090 00104 00087 00076 00078 00084 00084 00086 00090 00075 00080 00066 00083 00074 00085 00086 00071 00064 00085 00077 00082 00065 00075 00058
00000059 14 06 04 15 05 00066 00047 00069 00061 00093 00073 00078 00083 00078 00086 00086 00089 00071 00089 00095 00091 00090 00093 00073 00090 00093 00093 00093 00086 00085 00081 00089 00095 00088 00094 00093
00000059 14 06 04 15 06 00087 00089 00096 00099 00084 00094 00094 00095 00093 00075 00065 00066 00071 00084 00070 00051 00063 00079 00066 00078 00076 00071 00074 00095 00090 00079 00102 00096 00096 00086
00000059 14 06 04 15 07 00086 00075 00092 00095 00075 00061 00057 00071 00088 00081 00098 00103 00109 00101 00110 00080 00093 00096 00064 00072 00066 00088 00081 00059 00086 00088 00066 00068 00061 00065 00052
00000059 14 06 04 15 08 00090 00079 00067 00082 00071 00073 00061 00068 00080 00074 00068 00065 00067 00064 00069 00059 00059 00070 00075 00070 00067 00078 00054 00065 00059 00062 00053 00055 00074 00067 00043
00000059 14 06 04 15 09 00056 00064 00072 00065 00061 00065 00058 00058 00053 00044 00054 00047 00020 00059 00055 00045 00051 00044 00051 00057 00058 00050 00048 00050 00050 00052 00061 00053 00056 00053
00000059 14 06 04 15 10 00052 00061 00044 00037 00041 00044 00034 00038 00032 00042 00043 00032 00031 00037 00030 00030 00036 00029 00037 00038 00035 00024 00020 00023 00041 00037 00051 00055 00037 00029 00053
00000059 14 06 04 15 11 00054 00042 00031 00012 00024 00022 00033 00040 00039 00026 00027 00034 00044 00033 00028 00019 00017 00024 00020 00024 00069 00060 00050 00015 00030 00045 00057 00034 00039 00030
00000059 14 06 04 15 12 00029 00015 00022 00019 00021 00030 00025 00020 00032 00030 00029 00040 00028 00023 00012 00016 00017 00017 00019 00021 00018 00026 00023 00017 00028 00033 00050 00038 00036 00023 00024
00000059 14 06 04 16 01 00039 00061 00038 00051 00072 00058 00058 00051 00062 00068 00062 00045 00020 00012 00049 00063 00026 00037 00025 00010 00009 00012 00019 00026 00021 00018 00008 00017 00041 00038 00029
00000059 14 06 04 16 02 00018 00011 00044 00050 00031 00033 00066 00048 00055 00053 00049 00042 00041 00067 00056 00055 00034 00050 00048 00044 00046 00041 00032 00027 00056 00044 00061 00054 00057
00000059 14 06 04 16 03 00041 00036 00047 00038 00060 00054 00054 00048 00035 00055 00057 00045 00057 00064 00049 00040 00048 00036 00056 00049 00059 00077 00062 00065 00045 00033 00071 00052 00054 00045 00060
00000059 14 06 04 16 04 00068 00059 00060 00032 00055 00055 00053 00056 00050 00064 00050 00047 00053 00047 00047 00054 00068 00055 00042 00056 00056 00042 00044 00061 00054 00052 00048 00055 00062 00072
00000059 14 06 04 16 05 00089 00092 00078 00078 00080 00066 00076 00050 00038 00037 00055 00078 00064 00056 00095 00097 00097 00081 00081 00059 00083 00087 00063 00060 00072 00064 00069 00067 00067 00068 00080
00000059 14 06 04 16 06 00089 00091 00085 00094 00090 00063 00074 00073 00082 00087 00092 00074 00062 00073 00063 00064 00075 00079 00081 00060 00076 00092 00101 00080 00097 00088 00093 00085 00078 00084
00000059 14 06 04 16 07 00079 00086 00093 00094 00105 00097 00094 00091 00105 00098 00082 00091 00086 00087 00101 00090 00083 00090 00084 00060 00080 00080 00065 00075 00092 00092 00110 00097 00095 00095 00103
00000059 14 06 04 16 08 00086 00088 00100 00069 00070 00069 00071 00074 00071 00076 00081 00084 00078 00085 00087 00080 00073 00065 00071 00072 00081 00072 00065 00075 00075 00086 00076 00071 00088 00073 00073
00000059 14 06 04 16 09 00086 00076 00077 00061 00058 00051 00052 00081 00074 00088 00080 00064 00064 00048 00054 00054 00052 00059 00051 00069 00061 00044 00040 00056 00056 00061 00062 00052 00059 00045
00000059 14 06 04 16 10 00051 00047 00055 00047 00052 00043 00043 00044 00068 00057 00053 00061 00047 00046 00044 00046 00036 00034 00019 00018 00021 00020 00051 00051 00033 00025 00029 00028 00030 00043 00035
00000059 14 06 04 16 11 00037 00028 00021 00015 00044 00058 00035 00042 00050 00018 00015 00016 00035 00050 00038 00020 00012 00009 00023 00042 00054 00023 00029 00023 00033 00041 00045 00049 00026 00043
00000059 14 06 04 16 12 00043 00023 00028 00052 00047 00039 00017 00025 00027 00030 00023 00011 00013 00016 00028 00035 00060 00065 00052 00017 00030 00014 00016 00035 00026 00022 00029 00022 00021 00016 00015
