00000047 08 08 04 12 01 00060 00027 00078 00088 00093 00066 00073 00073 00086 00078 00087 00083 00094 00075 00069 00047 00054 00078 00088 00069 00062 00061 00056 00063 00081 00080 00056 00031 00040 00065 00071
00000047 08 08 04 12 02 00070 00034 00030 00023 00037 00052 00041 00042 00055 00063 00040 00044 00043 00055 00056 00054 00050 00058 00048 00047 00077 00081 00088 00083 00069 00063 00056 00072 00067
00000047 08 08 04 12 03 00060 00052 00031 00027 00033 00048 00053 00063 00060 00041 00049 00061 00071 00076 00060 00035 00029 00020 00025 00029 00037 00059 00058 00043 00046 00040 00044 00043 00037 00054 00058
00000047 08 08 04 12 04 00043 00034 00040 00038 00021 00013 00015 00040 00045 00036 00018 00037 00023 00017 00019 00025 00037 00017 00017 00020 00015 00014 00015 00014 00027 00019 00035 00017 00019 00022
00000047 08 08 04 12 05 00032 00035 00049 00030 00020 00017 00030 00023 00040 00046 00046 00051 00035 00025 00020 00040 00033 00024 00014 00016 00021 00027 00036 00039 00044 00011 00022 00025 00025 00051 00044
00000047 08 08 04 12 06 00036 00028 00011 00027 00025 00017 00013 00020 00026 00011 00012 00011 00029 00027 00016 00020 00016 00025 00030 00027 00015 00030 00035 00033 00039 00043 00053 00021 00016 00012
00000047 08 08 04 12 07 00011 00027 00048 00021 00015 00021 00023 00016 00031 00017 00029 00031 00037 00012 00016 00030 00036 00041 00059 00040 00013 00015 00033 00019 00025 00028 00028 00020 00030 00042 00048
00000047 08 08 04 12 08 00034 00036 00028 00025 00015 00021 00027 00030 00053 00061 00040 00011 00026 00017 00007 00025 00051 00040 00026 00044 00044 00040 00032 00022 00012 00026 00038 00037 00030 00022 00015
00000047 08 08 04 12 09 00014 00013 00019 00024 00041 00049 00052 00033 00032 00043 00052 00055 00022 00047 00055 00063 00068 00061 00030 00020 00029 00045 00031 00014 00017 00022 00042 00037 00024 00030
00000047 08 08 04 12 10 00054 00058 00057 00064 00070 00048 00055 00051 00049 00033 00016 00023 00022 00019 00031 00052 00052 00045 00028 00029 00041 00056 00062 00053 00029 00033 00026 00010 00051 00053 00033
00000047 08 08 04 12 11 00019 00025 00042 00037 00029 00037 00040 00049 00030 00018 00020 00036 00042 00032 00041 00041 00037 00037 00047 00058 00057 00045 00054 00042 00053 00047 00036 00032 00043 00042
00000047 08 08 04 12 12 00040 00063 00069 00034 00027 00050 00049 00048 00055 00070 00068 00066 00057 00033 00017 00014 00034 00051 00046 00032 00027 00031 00044 00043 00040 00047 00045 00058 00042 00044 00044
00000047 08 08 04 13 01 00032 00051 00060 00074 00067 00061 00049 00055 00052 00056 00045 00025 00018 00035 00020 00025 00025 00017 00016 00011 00024 00033 00019 00022 00042 00041 00033 00037 00074 00070 00064
00000047 08 08 04 13 02 00043 00015 00031 00070 00053 00020 00026 00028 00030 00029 00017 00024 00046 00059 00052 00048 00036 00045 00034 00033 00024 00021 00024 00037 00039 00038 00040 00033
00000047 08 08 04 13 03 00041 00034 00018 00030 00043 00030 00026 00032 00019 00011 00014 00015 00019 00021 00036 00026 00036 00013 00048 00031 00051 00049 00034 00012 00016 00016 00015 00008 00007 00009 00015
00000047 08 08 04 13 04 00016 00018 00043 00020 00030 00018 00024 00014 00013 00015 00013 00019 00041 00020 00029 00041 00040 00034 00018 00013 00017 00019 00022 00036 00025 00027 00014 00012 00028 00025
00000047 08 08 04 13 05 00024 00024 00019 00023 00037 00035 00021 00037 00022 00020 00018 00014 00024 00028 00020 00024 00015 00013 00017 00035 00027 00031 00025 00020 00032 00012 00022 00014 00011 00025 00025
00000047 08 08 04 13 06 00014 00010 00024 00027 00030 00018 00015 00008 00009 00016 00015 00024 00027 00022 00031 00028 00011 00009 00022 00024 00031 00019 00026 00020 00025 00022 00022 00021 00010 00019
00000047 08 08 04 13 07 00023 00017 00039 00018 00022 00018 00022 00032 00025 00030 00028 00022 00019 00011 00016 00020 00022 00026 00024 00023 00014 00021 00033 00028 00033 00025 00016 00006 00022 00044 00034
00000047 08 08 04 13 08 00027 00024 00018 00026 00038 00027 00010 00013 00027 00018 00021 00025 00018 00022 00019 00026 00013 00015 00036 00016 00020 00038 00041 00028 00010 00012 00015 00018 00017 00019 00025
00000047 08 08 04 13 09 00019 00032 00037 00029 00016 00025 00024 00022 00034 00028 00028 00042 00039 00048 00040 00035 00046 00029 00029 00027 00027 00036 00062 00061 00053 00069 00047 00012 00008 00015
00000047 08 08 04 13 10 00012 00033 00032 00027 00036 00023 00043 00057 00056 00048 00034 00023 00018 00044 00032 00044 00059 00059 00041 00023 00047 00042 00032 00039 00043 00036 00044 00041 00030 00045 00060
00000047 08 08 04 13 11 00047 00036 00028 00023 00017 00043 00025 00033 00019 00031 00055 00048 00028 00036 00037 00037 00033 00049 00045 00042 00031 00037 00045 00039 00057 00048 00034 00046 00078 00062
00000047 08 08 04 13 12 00040 00073 00071 00096 00099 00059 00075 00078 00082 00086 00071 00082 00083 00061 00060 00063 00070 00056 00036 00045 00068 00063 00061 00037 00014 00025 00025 00022 00038 00058 00041
00000047 08 08 04 14 01 00022 00027 00029 00013 00021 00034 00046 00068 00073 00071 00056 00050 00033 00022 00040 00026 00030 00028 00028 00028 00039 00039 00059 00054 00027 00039 00017 00021 00023 00023 00026
00000047 08 08 04 14 02 00014 00028 00052 00024 00020 00028 00021 00017 00030 00015 00032 00039 00032 00021 00024 00039 00059 00057 00060 00040 00023 00031 00035 00035 00024 00023 00037 00017
00000047 08 08 04 14 03 00015 00012 00012 00014 00032 00053 00046 00052 00029 00063 00045 00040 00046 00059 00051 00045 00064 00059 00035 00051 00033 00011 00017 00043 00015 00022 00045 00037 00034 00021 00043
00000047 08 08 04 14 04 00031 00039 00017 00013 00020 00036 00039 00048 00047 00047 00042 00024 00037 00040 00037 00040 00031 00023 00032 00005 00025 00019 00022 00026 00012 00011 00009 00015 00026 00020
00000047 08 08 04 14 05 00021 00027 00011 00025 00049 00045 00061 00045 00033 00029 00017 00026 00017 00028 00017 00022 00018 00013 00017 00012 00016 00014 00013 00015 00015 00017 00020 00019 00023 00019 00011
00000047 08 08 04 14 06 00010 00023 00027 00015 00020 00034 00008 00023 00020 00025 00035 00026 00039 00015 00011 00016 00024 00022 00018 00017 00009 00026 00027 00025 00025 00027 00036 00022 00009 00021
00000047 08 08 04 14 07 00016 00014 00022 00025 00029 00009 00012 00028 00015 00016 00017 00013 00014 00029 00028 00051 00047 00033 00007 00008 00026 00031 00027 00024 00035 00024 00018 00025 00012 00018 00029
00000047 08 08 04 14 08 00013 00007 00007 00025 00019 00025 00028 00024 00021 00011 00019 00021 00009 00013 00012 00012 00018 00024 00025 00023 00020 00015 00019 00023 00036 00020 00022 00031 00022 00018 00018
00000047 08 08 04 14 09 00031 00030 00033 00017 00028 00026 00020 00027 00031 00033 00017 00023 00030 00024 00026 00030 00023 00031 00027 00038 00021 00029 00025 00040 00039 00043 00025 00026 00045 00064
00000047 08 08 04 14 10 00032 00037 00041 00043 00026 00039 00019 00030 00022 00039 00028 00013 00018 00034 00035 00029 00044 00043 00046 00064 00069 00058 00073 00070 00047 00044 00060 00063 00067 00075 00058
00000047 08 08 04 14 11 00057 00039 00029 00020 00027 00035 00027 00024 00028 00037 00042 00028 00046 00028 00017 00016 00037 00066 00068 00055 00058 00043 00037 00050 00041 00034 00041 00043 00045 00043
00000047 08 08 04 14 12 00041 00045 00043 00035 00053 00037 00040 00061 00083 00091 00094 00069 00042 00040 00050 00074 00078 00082 00075 00064 00046 00064 00067 00059 00047 00069 00044 00019 00042 00092 00097
00000047 08 08 04 15 01 00093 00100 00093 00101 00094 00080 00101 00098 00103 00082 00070 00067 00067 00072 00048 00033 00046 00034 00046 00065 00050 00034 00071 00065 00059 00084 00068 00079 00052 00018 00013
00000047 08 08 04 15 02 00012 00029 00026 00031 00027 00039 00055 00039 00036 00051 00058 00056 00048 00016 00018 00034 00025 00034 00059 00064 00024 00044 00022 00021 00023 00040 00046 00046
00000047 08 08 04 15 03 00020 00033 00046 00042 00042 00061 00072 00053 00072 00069 00078 00073 00049 00023 00029 00047 00049 00043 00025 00031 00028 00025 00056 00033 00023 00031 00036 00043 00026 00050 00060
00000047 08 08 04 15 04 00035 00025 00024 00019 00018 00025 00025 00023 00040 00039 00029 00021 00030 00033 00039 00023 00023 00035 00016 00045 00031 00023 00040 00057 00012 00019 00018 00037 00020 00034
00000047 08 08 04 15 05 00017 00018 00019 00032 00012 00030 00057 00022 00044 00043 00042 00052 00065 00041 00012 00014 00026 00028 00024 00020 00018 00018 00011 00012 00022 00020 00029 00035 00038 00030 00020
00000047 08 08 04 15 06 00028 00031 00022 00008 00012 00010 00009 00012 00011 00013 00024 00018 00025 00008 00021 00027 00024 00030 00027 00027 00021 00037 00029 00026 00032 00054 00044 00042 00043 00035
00000047 08 08 04 15 07 00032 00022 00021 00018 00029 00047 00047 00044 00031 00038 00023 00021 00033 00038 00039 00049 00031 00012 00019 00031 00028 00031 00027 00030 00016 00017 00022 00030 00025 00023 00025
00000047 08 08 04 15 08 00016 00027 00038 00021 00047 00051 00050 00024 00018 00029 00035 00036 00012 00015 00014 00014 00019 00018 00026 00038 00037 00016 00009 00012 00039 00038 00035 00053 00021 00017 00034
00000047 08 08 04 15 09 00039 00028 00021 00024 00022 00027 00033 00039 00050 00039 00052 00044 00012 00018 00022 00023 00024 00049 00044 00052 00057 00055 00023 00038 00048 00054 00034 00024 00027 00027
00000047 08 08 04 15 10 00042 00023 00036 00020 00014 00011 00032 00038 00049 00038 00013 00017 00038 00040 00059 00064 00040 00032 00034 00026 00033 00046 00026 00048 00023 00020 00017 00013 00025 00041 00028
00000047 08 08 04 15 11 00014 00021 00022 00048 00045 00064 00043 00037 00049 00074 00080 00069 00066 00034 00041 00055 00057 00072 00063 00049 00018 00015 00036 00074 00028 00070 00061 00052 00062 00096
00000047 08 08 04 15 12 00103 00098 00084 00090 00069 00054 00059 00056 00060 00060 00057 00045 00065 00052 00075 00069 00082 00082 00077 00058 00076 00082 00085 00065 00061 00060 00049 00049 00041 00039 00049
00000047 08 08 04 16 01 00034 00027 00031 00019 00022 00021 00016 00025 00025 00012 00021 00043 00075 00058 00044 00049 00056 00044 00056 00063 00057 00065 00059 00050 00067 00059 00055 00053 00059 00040 00052
00000047 08 08 04 16 02 00075 00071 00043 00051 00060 00045 00021 00027 00019 00017 00020 00017 00010 00011 00022 00031 00044 00037 00042 00050 00051 00058 00063 00048 00027 00027 00011 00021 00043
00000047 08 08 04 16 03 00067 00053 00037 00054 00014 00015 00026 00035 00045 00025 00032 00041 00036 00039 00040 00063 00057 00037 00025 00031 00044 00034 00046 00032 00043 00029 00008 00016 00023 00049 00019
00000047 08 08 04 16 04 00026 00030 00029 00043 00029 00035 00033 00022 00017 00010 00023 00030 00024 00043 00040 00022 00013 00032 00044 00043 00023 00038 00035 00026 00038 00042 00041 00030 00028 00026
00000047 08 08 04 16 05 00011 00032 00053 00050 00045 00025 00011 00013 00024 00037 00030 00014 00022 00019 00027 00022 00036 00042 00021 00041 00032 00008 00026 00037 00016 00029 00031 00022 00007 00015 00025
00000047 08 08 04 16 06 00031 00037 00045 00018 00016 00036 00035 00048 00046 00019 00016 00012 00010 00009 00009 00013 00012 00012 00013 00034 00026 00023 00023 00047 00018 00011 00030 00035 00032 00029
00000047 08 08 04 16 07 00023 00022 00017 00021 00031 00025 00032 00040 00035 00023 00028 00019 00016 00022 00037 00029 00024 00028 00030 00034 00033 00023 00010 00014 00018 00031 00028 00034 00029 00029 00010
00000047 08 08 04 16 08 00022 00041 00039 00022 00017 00019 00023 00033 00035 00013 00024 00023 00019 00015 00012 00030 00035 00025 00023 00010 00024 00029 00039 00028 00028 00031 00025 00042 00031 00028 00039
00000047 08 08 04 16 09 00025 00049 00055 00055 00060 00057 00062 00036 00028 00025 00036 00047 00022 00019 00029 00033 00022 00021 00043 00047 00049 00063 00068 00060 00053 00032 00037 00022 00047 00053
00000047 08 08 04 16 10 00050 00042 00062 00077 00075 00078 00068 00077 00043 00038 00049 00028 00023 00026 00049 00052 00065 00050 00060 00055 00051 00037 00015 00039 00052 00074 00065 00062 00054 00069 00083
00000047 08 08 04 16 11 00059 00073 00069 00055 00028 00022 00042 00042 00026 00074 00074 00059 00046 00039 00059 00075 00085 00075 00050 00027 00032 00065 00052 00051 00054 00050 00039 00054 00064 00041
00000047 08 08 04 16 12 00053 00068 00048 00032 00045 00047 00061 00053 00070 00056 00047 00067 00075 00053 00049 00054 00028 00025 00053 00081 00095 00086 00071 00048 00048 00070 00094 00090 00082 00090 00064
