 00040
 00019
 00060
 00072
 00082
 00036
 00033
 00037
 00043
 00030
 00030
 00046
 00051
 00058
 00042
 00022
 00021
 00049
 00050
 00043
 00023
 00035
 00023
 00036
 00045
 00049
 00026
 00010
 00004
 00044
 00052
 00059
 00009
 00005
 00003
 00017
 00023
 00011
 00011
 00031
 00032
 00016
 00011
 00010
 00032
 00019
 00022
 00029
 00030
 00029
 00016
 00042
 00038
 00045
 00044
 00038
 00052
 00035
 00043
 00041
 00032
 00042
 00029
 00023
 00014
 00014
 00026
 00029
 00032
 00024
 00030
 00035
 00042
 00044
 00029
 00026
 00017
 00008
 00009
 00010
 00017
 00042
 00026
 00022
 00023
 00019
 00019
 00018
 00015
 00027
 00026
 00029
 00026
 00023
 00028
 00015
 00009
 00007
 00022
 00020
 00023
 00010
 00017
 00008
 00006
 00003
 00005
 00022
 00010
 00011
 00016
 00014
 00008
 00012
 00009
 00020
 00021
 00023
 00014
 00012
 00019
 00023
 00016
 00040
 00023
 00012
 00013
 00023
 00017
 00027
 00022
 00022
 00026
 00011
 00014
 00008
 00020
 00025
 00017
 00008
 00008
 00010
 00016
 00011
 00030
 00023
 00009
 00012
 00013
 00014
 00028
 00020
 00017
 00013
 00006
 00017
 00015
 00013
 00010
 00012
 00014
 00004
 00006
 00005
 00014
 00018
 00016
 00016
 00009
 00019
 00016
 00017
 00010
 00019
 00015
 00011
 00019
 00026
 00030
 00020
 00012
 00007
 00004
 00017
 00026
 00021
 00012
 00012
 00013
 00009
 00023
 00018
 00021
 00016
 00028
 00007
 00007
 00009
 00017
 00018
 00025
 00025
 00006
 00006
 00016
 00013
 00013
 00015
 00013
 00012
 00015
 00019
 00023
 00026
 00023
 00015
 00017
 00016
 00015
 00010
 00013
 00025
 00027
 00022
 00010
 00016
 00014
 00003
 00016
 00021
 00020
 00010
 00023
 00025
 00022
 00024
 00017
 00006
 00014
 00025
 00027
 00028
 00009
 00003
 00004
 00003
 00004
 00008
 00017
 00020
 00030
 00014
 00019
 00031
 00040
 00029
 00005
 00026
 00030
 00029
 00037
 00032
 00009
 00014
 00020
 00034
 00021
 00011
 00012
 00016
 00019
 00014
 00007
 00018
 00040
 00044
 00043
 00044
 00042
 00024
 00038
 00040
 00043
 00028
 00016
 00017
 00012
 00017
 00025
 00036
 00049
 00033
 00025
 00015
 00025
 00041
 00036
 00032
 00022
 00027
 00017
 00008
 00036
 00021
 00023
 00011
 00019
 00022
 00019
 00022
 00011
 00013
 00026
 00022
 00012
 00005
 00015
 00016
 00018
 00024
 00022
 00014
 00010
 00035
 00037
 00036
 00028
 00033
 00031
 00029
 00023
 00028
 00027
 00022
 00023
 00011
 00032
 00054
 00030
 00017
 00039
 00027
 00017
 00034
 00045
 00033
 00035
 00036
 00023
 00010
 00009
 00028
 00031
 00028
 00024
 00016
 00018
 00011
 00017
 00017
 00030
 00030
 00038
 00029
 00030
 00024
 00025
 00020
 00033
 00042
 00046
 00038
 00028
 00023
 00028
 00032
 00031
 00018
 00007
 00021
 00013
 00017
 00018
 00012
 00011
 00008
 00016
 00023
 00012
 00021
 00040
 00019
 00028
 00035
 00044
 00040
 00051
 00038
 00003
 00005
 00052
 00028
 00008
 00020
 00010
 00015
 00021
 00010
 00019
 00027
 00028
 00035
 00029
 00023
 00028
 00014
 00018
 00018
 00015
 00004
 00008
 00008
 00017
 00014
 00007
 00014
 00019
 00011
 00012
 00027
 00026
 00016
 00026
 00013
 00007
 00009
 00012
 00006
 00016
 00037
 00019
 00024
 00008
 00025
 00018
 00024
 00029
 00018
 00007
 00011
 00010
 00011
 00003
 00004
 00004
 00010
 00011
 00014
 00028
 00017
 00012
 00008
 00018
 00012
 00011
 00013
 00011
 00018
 00022
 00010
 00019
 00024
 00022
 00026
 00011
 00005
 00011
 00007
 00010
 00023
 00008
 00008
 00003
 00002
 00005
 00014
 00013
 00006
 00004
 00009
 00011
 00010
 00008
 00015
 00008
 00009
 00005
 00004
 00010
 00010
 00006
 00009
 00009
 00004
 00004
 00006
 00003
 00003
 00003
 00009
 00021
 00006
 00018
 00009
 00006
 00013
 00010
 00004
 00003
 00011
 00014
 00016
 00012
 00015
 00007
 00007
 00025
 00027
 00016
 00028
 00016
 00019
 00000
 00008
 00012
 00012
 00015
 00014
 00010
 00010
 00006
 00008
 00007
 00008
 00005
 00003
 00014
 00018
 00012
 00020
 00004
 00009
 00012
 00017
 00018
 00019
 00015
 00013
 00013
 00017
 00006
 00011
 00013
 00011
 00012
 00016
 00014
 00011
 00014
 00026
 00021
 00027
 00029
 00015
 00004
 00020
 00028
 00017
 00019
 00016
 00012
 00015
 00025
 00021
 00010
 00006
 00012
 00008
 00014
 00023
 00008
 00015
 00011
 00019
 00008
 00017
 00020
 00013
 00019
 00031
 00039
 00014
 00007
 00005
 00009
 00009
 00010
 00014
 00015
 00008
 00021
 00030
 00022
 00013
 00018
 00017
 00014
 00026
 00018
 00012
 00027
 00030
 00033
 00025
 00024
 00028
 00016
 00016
 00011
 00017
 00020
 00046
 00055
 00037
 00041
 00032
 00011
 00006
 00018
 00012
 00023
 00026
 00023
 00020
 00011
 00024
 00028
 00030
 00024
 00020
 00015
 00028
 00031
 00028
 00044
 00035
 00042
 00033
 00018
 00034
 00028
 00026
 00027
 00028
 00027
 00031
 00031
 00016
 00018
 00049
 00029
 00027
 00026
 00020
 00014
 00031
 00022
 00026
 00012
 00021
 00029
 00029
 00013
 00016
 00014
 00019
 00024
 00033
 00025
 00021
 00029
 00017
 00018
 00010
 00028
 00022
 00012
 00025
 00037
 00024
 00017
 00038
 00044
 00050
 00063
 00030
 00037
 00038
 00036
 00027
 00028
 00046
 00049
 00028
 00019
 00027
 00038
 00035
 00028
 00013
 00034
 00031
 00037
 00021
 00008
 00016
 00017
 00006
 00024
 00030
 00023
 00013
 00017
 00016
 00005
 00012
 00018
 00018
 00018
 00020
 00021
 00023
 00019
 00018
 00011
 00018
 00014
 00013
 00016
 00012
 00016
 00027
 00021
 00013
 00036
 00015
 00029
 00010
 00020
 00023
 00017
 00022
 00007
 00022
 00042
 00022
 00017
 00018
 00019
 00011
 00013
 00009
 00034
 00026
 00025
 00017
 00025
 00027
 00033
 00021
 00054
 00035
 00014
 00034
 00024
 00028
 00026
 00016
 00048
 00018
 00011
 00006
 00006
 00009
 00017
 00040
 00035
 00026
 00014
 00021
 00026
 00022
 00028
 00034
 00016
 00026
 00036
 00034
 00021
 00026
 00024
 00004
 00006
 00026
 00008
 00005
 00031
 00016
 00014
 00014
 00023
 00023
 00027
 00019
 00011
 00019
 00027
 00027
 00029
 00030
 00029
 00025
 00011
 00020
 00023
 00017
 00020
 00010
 00006
 00018
 00003
 00018
 00015
 00013
 00020
 00007
 00011
 00004
 00009
 00017
 00019
 00007
 00009
 00002
 00019
 00025
 00030
 00041
 00028
 00011
 00011
 00013
 00011
 00002
 00008
 00005
 00007
 00007
 00008
 00013
 00010
 00011
 00013
 00009
 00005
 00008
 00009
 00009
 00009
 00012
 00004
 00001
 00002
 00008
 00013
 00012
 00017
 00021
 00007
 00015
 00020
 00019
 00013
 00012
 00017
 00004
 00003
 00003
 00010
 00011
 00008
 00009
 00006
 00011
 00017
 00012
 00012
 00014
 00014
 00018
 00003
 00011
 00012
 00006
 00006
 00016
 00014
 00006
 00007
 00013
 00002
 00004
 00006
 00006
 00007
 00021
 00018
 00030
 00030
 00018
 00006
 00004
 00015
 00020
 00017
 00014
 00028
 00018
 00012
 00012
 00002
 00009
 00016
 00012
 00004
 00008
 00018
 00011
 00016
 00013
 00022
 00015
 00009
 00018
 00013
 00006
 00005
 00007
 00004
 00010
 00015
 00014
 00016
 00014
 00015
 00016
 00011
 00025
 00020
 00015
 00020
 00022
 00009
 00010
 00020
 00015
 00019
 00014
 00026
 00021
 00021
 00017
 00021
 00023
 00017
 00023
 00022
 00017
 00022
 00016
 00017
 00021
 00021
 00022
 00010
 00016
 00019
 00026
 00013
 00020
 00013
 00011
 00030
 00026
 00017
 00019
 00026
 00021
 00018
 00029
 00012
 00020
 00018
 00027
 00014
 00006
 00015
 00034
 00036
 00026
 00034
 00020
 00016
 00034
 00052
 00022
 00038
 00034
 00021
 00016
 00044
 00044
 00049
 00040
 00036
 00038
 00021
 00030
 00015
 00028
 00039
 00022
 00020
 00022
 00030
 00034
 00023
 00036
 00027
 00014
 00017
 00030
 00048
 00041
 00036
 00034
 00023
 00025
 00040
 00048
 00039
 00035
 00029
 00032
 00034
 00016
 00016
 00024
 00024
 00046
 00013
 00018
 00064
 00020
 00072
 00087
 00050
 00042
 00016
 00026
 00058
 00080
 00077
 00055
 00032
 00029
 00032
 00037
 00032
 00019
 00042
 00034
 00005
 00013
 00065
 00061
 00069
 00061
 00053
 00042
 00053
 00050
 00049
 00049
 00056
 00056
 00036
 00033
 00047
 00060
 00040
 00023
 00040
 00027
 00021
 00061
 00047
 00034
 00027
 00027
 00013
 00054
 00032
 00067
 00041
 00023
 00013
 00008
 00026
 00020
 00008
 00006
 00016
 00024
 00025
 00023
 00037
 00032
 00034
 00038
 00014
 00011
 00026
 00007
 00012
 00037
 00049
 00014
 00025
 00017
 00011
 00037
 00051
 00036
 00035
 00016
 00041
 00045
 00028
 00019
 00047
 00049
 00025
 00047
 00059
 00061
 00059
 00031
 00011
 00012
 00040
 00026
 00020
 00012
 00011
 00010
 00012
 00025
 00013
 00004
 00032
 00023
 00032
 00026
 00042
 00040
 00013
 00018
 00016
 00009
 00015
 00014
 00015
 00012
 00017
 00026
 00012
 00010
 00013
 00012
 00019
 00019
 00021
 00024
 00011
 00019
 00015
 00018
 00031
 00034
 00009
 00013
 00012
 00025
 00017
 00032
 00012
 00008
 00013
 00017
 00009
 00024
 00027
 00016
 00024
 00018
 00025
 00032
 00035
 00020
 00003
 00003
 00006
 00012
 00010
 00006
 00004
 00003
 00002
 00003
 00005
 00006
 00005
 00017
 00018
 00010
 00007
 00012
 00016
 00013
 00006
 00022
 00008
 00005
 00010
 00008
 00016
 00015
 00012
 00013
 00002
 00010
 00006
 00005
 00007
 00006
 00006
 00007
 00017
 00011
 00009
 00019
 00035
 00020
 00024
 00027
 00025
 00026
 00023
 00012
 00011
 00026
 00034
 00040
 00029
 00023
 00030
 00025
 00015
 00023
 00030
 00024
 00034
 00023
 00010
 00015
 00016
 00019
 00010
 00013
 00033
 00009
 00010
 00014
 00027
 00024
 00012
 00014
 00008
 00015
 00027
 00018
 00025
 00022
 00027
 00010
 00009
 00015
 00018
 00022
 00005
 00010
 00006
 00009
 00009
 00007
 00015
 00020
 00017
 00007
 00005
 00007
 00022
 00027
 00025
 00029
 00010
 00005
 00020
 00021
 00014
 00015
 00009
 00010
 00013
 00014
 00021
 00027
 00026
 00022
 00028
 00008
 00012
 00020
 00014
 00017
 00021
 00021
 00024
 00031
 00040
 00021
 00016
 00023
 00020
 00016
 00017
 00016
 00025
 00025
 00016
 00027
 00019
 00014
 00011
 00026
 00024
 00033
 00026
 00013
 00016
 00018
 00020
 00034
 00031
 00018
 00020
 00017
 00012
 00019
 00033
 00027
 00025
 00017
 00020
 00019
 00017
 00030
 00034
 00011
 00010
 00018
 00027
 00036
 00039
 00034
 00019
 00017
 00025
 00040
 00037
 00035
 00024
 00029
 00026
 00037
 00040
 00039
 00036
 00031
 00005
 00015
 00016
 00048
 00035
 00041
 00025
 00044
 00031
 00042
 00059
 00073
 00054
 00050
 00040
 00029
 00027
 00028
 00030
 00028
 00029
 00026
 00034
 00042
 00046
 00028
 00034
 00033
 00035
 00029
 00038
 00032
 00033
 00028
 00021
 00019
 00010
 00023
 00024
 00026
 00020
 00018
 00013
 00019
 00008
 00010
 00011
 00007
 00012
 00012
 00006
 00013
 00024
 00031
 00026
 00010
 00009
 00027
 00024
 00048
 00060
 00052
 00038
 00030
 00024
 00029
 00029
 00033
 00036
 00022
 00018
 00027
 00031
 00031
 00014
 00020
 00031
 00020
 00011
 00018
 00009
 00010
 00014
 00012
 00005
 00005
 00008
 00008
 00034
 00016
 00019
 00022
 00017
 00027
 00041
 00033
 00016
 00022
 00008
 00005
 00009
 00034
 00030
 00031
 00030
 00009
 00012
 00009
 00012
 00027
 00005
 00008
 00021
 00016
 00017
 00025
 00045
 00029
 00022
 00019
 00023
 00020
 00013
 00021
 00023
 00033
 00023
 00005
 00013
 00017
 00030
 00007
 00006
 00017
 00017
 00034
 00008
 00016
 00017
 00007
 00020
 00008
 00017
 00023
 00018
 00024
 00027
 00012
 00008
 00012
 00019
 00016
 00019
 00028
 00021
 00007
 00023
 00022
 00025
 00009
 00011
 00009
 00004
 00011
 00018
 00022
 00019
 00014
 00008
 00009
 00019
 00023
 00026
 00016
 00021
 00025
 00010
 00016
 00022
 00023
 00012
 00028
 00019
 00005
 00021
 00022
 00016
 00025
 00022
 00019
 00006
 00017
 00016
 00018
 00024
 00026
 00015
 00010
 00028
 00023
 00031
 00023
 00019
 00006
 00013
 00005
 00007
 00008
 00009
 00011
 00006
 00007
 00014
 00014
 00012
 00014
 00020
 00007
 00005
 00016
 00017
 00020
 00021
 00023
 00020
 00009
 00010
 00015
 00017
 00015
 00028
 00019
 00022
 00023
 00016
 00007
 00009
 00012
 00021
 00023
 00016
 00025
 00027
 00025
 00018
 00003
 00006
 00010
 00020
 00011
 00016
 00017
 00016
 00006
 00016
 00023
 00022
 00027
 00005
 00008
 00012
 00023
 00020
 00005
 00010
 00015
 00020
 00008
 00007
 00015
 00023
 00026
 00018
 00004
 00009
 00015
 00024
 00015
 00018
 00014
 00015
 00022
 00014
 00018
 00022
 00010
 00024
 00027
 00035
 00033
 00046
 00030
 00030
 00021
 00015
 00025
 00033
 00016
 00017
 00016
 00018
 00011
 00011
 00029
 00019
 00029
 00049
 00054
 00036
 00033
 00022
 00013
 00011
 00029
 00041
 00037
 00032
 00035
 00048
 00040
 00047
 00040
 00042
 00021
 00029
 00040
 00017
 00023
 00023
 00029
 00024
 00026
 00021
 00041
 00029
 00029
 00027
 00012
 00021
 00022
 00025
 00024
 00026
 00030
 00027
 00035
 00030
 00033
 00035
 00036
 00019
 00014
 00026
 00022
 00020
 00040
 00040
 00033
 00020
 00017
 00023
 00030
 00033
 00027
 00020
 00015
 00020
 00025
 00018
 00025
 00021
 00016
 00013
 00015
 00018
 00016
 00018
 00021
 00015
 00010
 00010
 00011
 00013
 00018
 00018
 00017
 00015
 00008
 00034
 00041
 00038
 00030
 00013
 00009
 00028
 00057
 00040
 00050
 00035
 00021
 00023
 00032
 00032
 00038
 00034
 00041
 00031
