Pre-process PC 08  SC 47  yB 0 
	 value yy mm dd hh
	000024 12  1 28 11
	000022 12  1 28 12
	000025 12  1 28 13
	000022 12  1 28 14
	000000 12  3 25  3
	000012 12  4 13 15
	000012 12  7 20 14
	000020 12  9 19 14
	000126 12  9 19 15
	000022 12  9 19 16
	000013 12  9 19 17
	000179 12  9 19 18
	000071 12  9 20  9
	000095 12  9 20 10
	000034 12  9 20 11
	000049 12 10  9 10
	000144 12 10  9 11
	000001 12 12  4  2
	000001 12 12  4  3
	000001 12 12  4  4
	000001 12 12  4  5
	000001 12 12  4  6
	000001 12 12  4  7
	000001 12 12  4  8
	000001 12 12  4  9
	000051 12 12  4 10
	000153 12 12 18 13
	000010 13  2 28 11
	000000 13  3 31  3
	000006 13  6 14 15
	000010 13  8 30 15
	000040 13  9 16 10
	000036 13  9 16 11
	000101 13  9 16 12
	000003 13  9 21 11
	000148 13  9 21 12
	000014 13 11 14 12
	000017 13 11 22 13
	000068 13 12 11  9
	000035 14  2  6 10
	000010 14  3 28 11
	000000 14  3 30  3
	000096 14  7  2 15
	000014 14  8  6 14
	000006 14  9 17 15
	000001 14  9 30 14
	000224 14  9 30 15
	000009 14 10 16 14
	000036 14 10 22 14
	000051 14 10 28 11
	000078 14 12 10 15
	000064 14 12 16 14
	000106 15  1  7 12
	000081 15  1  8  9
	000000 15  1 20 12
	000042 15  2  5 10
	000079 15  2 19 10
	000102 15  3 10 11
	000094 15  3 10 12
	000036 15  3 10 13
	000052 15  3 18 15
	000027 15  3 20 16
	000000 15  3 29  3
	000048 15  4 16 10
	000100 15  5 12  9
	000042 15  5 26  9
	000036 15  5 26 10
	000000 15  5 28 17
	000014 15  6 11 10
	000003 15  6 26 11
	000069 15  6 26 12
	000097 15  7 10  9
	000003 15  7 17 19
	000001 15  7 17 20
	000001 15  7 17 21
	000001 15  7 17 22
	000001 15  7 17 23
	000001 15  7 17 24
	000001 15  7 18  1
	000001 15  7 18  2
	000001 15  7 18  3
	000001 15  7 18  4
	000001 15  7 18  5
	000001 15  7 18  6
	000001 15  7 18  7
	000001 15  7 18  8
	000001 15  7 18  9
	000001 15  7 18 10
	000001 15  7 18 11
	000054 15  8  4  9
	000014 15  9 22 15
	000060 15  9 22 16
	000119 15  9 22 17
	000020 15  9 30 10
	000016 15 10  5 12
	000063 15 10 15 10
	000006 15 10 23 21
	000001 15 10 23 22
	000001 15 10 23 23
	000001 15 10 23 24
	000001 15 10 24  1
	000001 15 10 24  2
	000001 15 10 24  3
	000001 15 10 24  4
	000001 15 10 24  5
	000001 15 10 24  6
	000001 15 10 24  7
	000001 15 10 24  8
	000001 15 10 24  9
	000001 15 10 24 10
	000035 15 10 26 10
	000015 15 10 26 11
	000006 15 10 26 12
	000001 15 10 26 13
	000034 15 11 13  8
	000155 15 11 24 10
	000091 15 11 24 11
	000129 15 11 24 12
	000063 15 12  7  9
	000005 15 12  7 11
	000049 15 12 15 14
	000066 15 12 17 11
	000263 15 12 17 12
	000095 15 12 21 11
	000088 15 12 22 10
	000013 16  1  4 14
	000000 16  2 13 17
	000000 16  2 13 18
	000000 16  2 13 19
	000001 16  2 13 20
	000000 16  3 27  3
	000013 16  3 28 15
	000011 16  4 14 13
	000007 16  4 14 14
	000007 16  4 14 15
	000007 16  4 14 16
	000007 16  4 14 17
	000022 16  5 12 10
	000087 16  6  9 10
	000080 16  7  6  9
	000025 16  7 20 12
	000110 16 10 11 10
	000039 16 11 21 10
	000024 16 11 21 11
	000043 16 11 23 12
	000100 16 12 20 19
   -> notV 0000146 of 0043848 (0.33 prctg)
Pre-process PC 08  SC 50  yB 0 
	 value yy mm dd hh
	000054 12  1 18 13
	000070 12  1 23 14
	000000 12  1 23 15
	000000 12  1 23 16
	000000 12  1 23 17
	000000 12  1 23 18
	000000 12  1 23 19
	000000 12  1 23 20
	000000 12  1 23 21
	000000 12  1 23 22
	000000 12  1 23 23
	000000 12  1 23 24
	000041 12  2  8 11
	000000 12  2  8 12
	000000 12  2  8 13
	000038 12  2  8 14
	000000 12  3 25  3
	000029 12  4 16 14
	000000 12  5  8 13
	000000 12  5  8 14
	000000 12  5  8 15
	000000 12  5  8 16
	000022 12  5  8 17
	000011 12  5 31 15
	000063 12  6 20 13
	000021 12  7 18 12
	000034 12  8  3 10
	000023 12  9  7 12
	000000 12  9  7 13
	000000 12  9  7 14
	000011 12  9  7 15
	000039 12  9 27 11
	000116 12  9 27 12
	000066 12 10  9 13
	000075 12 10 10 14
	000049 12 10 10 15
	000072 12 10 23 15
	000054 12 10 24 11
	000017 12 10 27 18
	000070 12 11 21 11
	000014 12 12  5  1
	000045 12 12  5 15
	000053 12 12 21 11
	000059 12 12 21 12
	000088 12 12 26 11
	000067 13  1  8 15
	000000 13  1  8 16
	000000 13  1  8 17
	000000 13  1  8 18
	000017 13  1  8 19
	000061 13  1  9 12
	000021 13  1 13 11
	000109 13  1 14 10
	000065 13  1 14 12
	000056 13  1 14 14
	000053 13  1 23 20
	000077 13  1 25  8
	008403 13  1 25 11
	000022 13  1 26  8
	000000 13  1 26  9
	000000 13  1 26 10
	000000 13  1 26 11
	000000 13  1 26 12
	000000 13  1 26 13
	000000 13  1 26 14
	000000 13  1 26 15
	000000 13  1 26 16
	000000 13  1 26 17
	000000 13  1 26 18
	000000 13  1 26 19
	000000 13  1 26 20
	000000 13  1 26 21
	000000 13  1 26 22
	000000 13  1 26 23
	000000 13  1 26 24
	000000 13  1 27  1
	000000 13  1 27  2
	000000 13  1 27  3
	000000 13  1 27  4
	000000 13  1 27  5
	000000 13  1 27  6
	000000 13  1 27  7
	000000 13  1 27  8
	000000 13  1 27  9
	000000 13  1 27 10
	000000 13  1 27 11
	000050 13  1 27 12
	000089 13  1 28 13
	000025 13  2  3 15
	000031 13  2 11 12
	000065 13  2 12 12
	000000 13  2 21  3
	000000 13  2 21  4
	000000 13  2 21  5
	000000 13  2 21  6
	000000 13  2 21  7
	000000 13  2 21  8
	000000 13  2 21  9
	000071 13  2 21 10
	000050 13  2 27 13
	000068 13  3 21 12
	000038 13  3 21 14
	000000 13  3 21 15
	000000 13  3 21 16
	000000 13  3 22 12
	000000 13  3 22 13
	000081 13  3 22 14
	000000 13  3 22 15
	000061 13  3 22 16
	000000 13  3 31  3
	000078 13  5 22 11
	000030 13  6 19 12
	000082 13  9 19 15
	000023 13 11 13 12
	000028 13 12 12 14
	000042 13 12 26 13
	000058 14  1  8 12
	000043 14  2  6 12
	000000 14  2 24  8
	000000 14  2 24  9
	000000 14  2 24 10
	000000 14  2 24 11
	000061 14  2 24 12
	000000 14  3 30  3
	000036 14  4  1 12
	000043 14  4 29 11
	000066 14  6 25 14
	000021 14  7  3 12
	000015 14  7  7 14
	000018 14  8 18 15
	000039 14  8 19  9
	000000 14  8 19 10
	000000 14  8 19 11
	000048 14  8 19 12
	000055 14  9 17 11
	000006 14 10 16 11
	000078 14 10 16 12
	000049 14 10 16 13
	000015 14 11  9  6
	000000 14 11  9  7
	000000 14 11  9  8
	000000 14 11  9  9
	000000 14 11  9 10
	000000 14 11  9 11
	000014 14 11  9 12
	000048 14 11 24 13
	000199 14 12 11 12
	000099 14 12 18 11
	000068 14 12 24  9
	000049 14 12 26 10
	000108 15  1 20 13
	000099 15  1 23 18
	000097 15  2 16 10
	000000 15  2 16 11
	000000 15  2 16 12
	000000 15  2 16 13
	000000 15  2 16 14
	000028 15  2 16 15
	000018 15  2 18 14
	000034 15  3 17 14
	000048 15  3 26 12
	000000 15  3 26 13
	000049 15  3 26 14
	000000 15  3 29  3
	000000 15  3 30 19
	000025 15  3 30 20
	000056 15  3 31 12
	000005 15  4  7 14
	000052 15  4 15 12
	000000 15  5 11 13
	000000 15  5 11 14
	000000 15  5 11 15
	000000 15  5 11 16
	000000 15  5 11 17
	000000 15  5 11 18
	000000 15  5 11 19
	000000 15  5 11 20
	000000 15  5 11 21
	000000 15  5 11 22
	000000 15  5 11 23
	000000 15  5 11 24
	000000 15  5 12  1
	000000 15  5 12  2
	000000 15  5 12  3
	000000 15  5 12  4
	000000 15  5 12  5
	000000 15  5 12  6
	000000 15  5 12  7
	000000 15  5 12  8
	000000 15  5 12  9
	000000 15  5 12 10
	000027 15  5 12 11
	000052 15  5 19  8
	000000 15  5 19  9
	000000 15  5 19 10
	000000 15  5 19 11
	000000 15  5 19 12
	000000 15  5 19 13
	000000 15  5 19 14
	000000 15  5 19 15
	000000 15  5 19 16
	000000 15  5 19 17
	000000 15  5 19 18
	000014 15  5 19 19
	000010 15  5 20  6
	000016 15  5 20 11
	000043 15  5 20 12
	000000 15  5 22  6
	000011 15  5 22 11
	000009 15  5 22 12
	000009 15  5 22 24
	000000 15  5 23  6
	000004 15  5 23 11
	000000 15  5 23 12
	000028 15  6 24 14
	000055 15  7  7 14
	000026 15  7 22 13
	000008 15  7 27 23
	000001 15  7 27 24
	000001 15  7 28  1
	000001 15  7 28  2
	000001 15  7 28  3
	000001 15  7 28  4
	000001 15  7 28  5
	000001 15  7 28  6
	000001 15  7 28  7
	000001 15  7 28  8
	000001 15  7 28  9
	000001 15  7 28 10
	000007 15  7 28 11
	000022 15  8  5 13
	000065 15  8  6 13
	000000 15  8  7 12
	000033 15  8  7 17
	000000 15  8  7 18
	000000 15  8  7 19
	000000 15  8  7 20
	000000 15  8  7 21
	000000 15  8  7 22
	000000 15  8  7 23
	000000 15  8  7 24
	000000 15  8  8  1
	000000 15  8  8  2
	000000 15  8  8  3
	000000 15  8  8  4
	000000 15  8  8  5
	000000 15  8  8  6
	000000 15  8  8  7
	000000 15  8  8  8
	000000 15  8  8  9
	000000 15  8  8 10
	000013 15  8  8 16
	000000 15  8  8 17
	000000 15  8  8 18
	000000 15  8  8 19
	000021 15  8  8 20
	000000 15  8  9  2
	000000 15  8  9  3
	000000 15  8  9  4
	000000 15  8  9  5
	000000 15  8  9  6
	000000 15  8  9  7
	000000 15  8  9  8
	000000 15  8  9  9
	000000 15  8  9 10
	000000 15  8  9 11
	000000 15  8  9 12
	000004 15  8  9 13
	000008 15  8  9 14
	000053 15  8 12 12
	000001 15  8 12 13
	000001 15  8 12 14
	000001 15  8 12 15
	000001 15  8 12 16
	000001 15  8 12 17
	000001 15  8 12 18
	000001 15  8 12 19
	000001 15  8 12 20
	000001 15  8 12 21
	000001 15  8 12 22
	000001 15  8 12 23
	000001 15  8 12 24
	000001 15  8 13  1
	000001 15  8 13  2
	000001 15  8 13  3
	000001 15  8 13  4
	000001 15  8 13  5
	000001 15  8 13  6
	000001 15  8 13  7
	000001 15  8 13  8
	000001 15  8 13  9
	000002 15  8 13 10
	000001 15  8 13 11
	000001 15  8 13 12
	000000 15  8 13 13
	000000 15  8 13 14
	000004 15  8 13 15
	000092 15  8 13 16
	000014 15  8 18 11
	000030 15  9 18 11
	000018 15  9 23 16
	000112 15  9 23 17
	000034 15  9 29 12
	000046 15 10 28 11
	000001 15 11  9 17
	000002 15 11  9 18
	000002 15 11  9 19
	000001 15 11  9 20
	000001 15 11  9 21
	000001 15 11  9 22
	000001 15 11  9 23
	000001 15 11  9 24
	000002 15 11 10  1
	000002 15 11 10  2
	000002 15 11 10  3
	000002 15 11 10  4
	000002 15 11 10  5
	000001 15 11 10  6
	000002 15 11 10  7
	000001 15 11 10  8
	000002 15 11 10  9
	000001 15 11 10 10
	000015 15 11 10 11
	000114 15 11 24 14
	000045 16  1  7 10
	000013 16  1 12 10
	000068 16  1 12 11
	000050 16  2  2 13
	000039 16  2 18 11
	000051 16  3  2 12
	000063 16  3 16 15
	000000 16  3 27  3
	000052 16  3 30 13
	000069 16  4 12 13
	000066 16  4 27 13
	000048 16  5 25 11
	000023 16  6 21 14
	000033 16  7  4 15
	000042 16  9 20  8
	000137 16  9 20  9
	000023 16  9 20 12
	000025 16  9 27 13
	000042 16 11  8 14
	000043 16 12  9 13
	000104 16 12 20 10
   -> notV 0000345 of 0043848 (0.79 prctg)
Pre-process PC 08  SC 56  yB 0 
	 value yy mm dd hh
	000119 12  1 10 19
	000000 12  1 10 20
	000000 12  1 10 21
	000000 12  1 10 22
	000104 12  1 10 23
	000000 12  1 10 24
	000000 12  1 11  1
	000057 12  1 11  2
	000000 12  1 11  3
	000000 12  1 11  4
	000000 12  1 11  5
	000000 12  1 11  6
	000000 12  1 11  7
	000000 12  1 11  8
	000000 12  1 11  9
	000000 12  1 11 10
	000118 12  1 11 11
	000000 12  1 23  8
	000000 12  1 23  9
	000000 12  1 23 10
	000072 12  2  1 24
	000000 12  2  2  1
	000000 12  2  2  2
	000000 12  2  2  3
	000000 12  2  2  4
	000000 12  2  2  5
	000000 12  2  2  6
	000000 12  2  2  7
	000000 12  2  2  8
	000000 12  2  2  9
	000076 12  2  7 11
	000063 12  3 13 14
	000013 12  3 20  5
	000026 12  3 20  7
	000000 12  3 25  3
	000017 12  4 18 14
	000000 12  5 27  6
	000000 12  5 27  7
	000000 12  5 27  8
	000000 12  5 27  9
	000000 12  5 27 10
	000000 12  5 27 11
	000000 12  5 27 12
	000042 12  7 17 14
	000068 12  9 11 13
	000011 12  9 24 15
	000057 12  9 25 10
	000043 12  9 28 12
	000012 12 11  5 15
	000051 12 12 17  8
	000000 12 12 17  9
	000044 12 12 17 10
	000028 12 12 20 15
	000076 13  1  9 10
	000000 13  3 31  3
	000095 13  5 21  9
	000000 13  5 21 10
	000000 13  5 21 11
	000048 13  5 21 12
	000021 13  6  8 13
	000000 13  6  8 14
	000000 13  6  8 15
	000000 13  6  8 16
	000000 13  6  8 17
	000000 13  6  8 18
	000000 13  6  8 19
	000000 13  6  8 20
	000000 13  6  8 21
	000000 13  6  8 22
	000000 13  6  8 23
	000000 13  6  8 24
	000000 13  6 10  1
	000000 13  6 10  2
	000000 13  6 10  3
	000000 13  6 10  4
	000000 13  6 10  5
	000000 13  6 10  6
	000000 13  6 10  7
	000000 13  6 10  8
	000000 13  6 10  9
	000000 13  6 10 10
	000000 13  6 10 11
	000000 13  6 10 12
	000000 13  6 10 13
	000001 13  6 10 14
	000043 13  6 15  8
	000000 13  6 15  9
	000000 13  6 15 10
	000000 13  6 15 11
	000000 13  6 15 12
	000000 13  6 15 13
	000000 13  6 15 14
	000000 13  6 15 15
	000000 13  6 15 16
	000000 13  6 15 17
	000000 13  6 15 18
	000035 13  6 15 19
	000097 13  9 18 13
	000075 13 11 13 10
	000057 13 11 13 11
	000057 13 11 13 17
	000066 13 12 10 13
	000023 14  3  4 13
	000025 14  3 26 14
	000000 14  3 30  3
	000055 14  4  8 13
	000000 14  4  8 14
	000026 14  4  8 15
	000001 14  4 14 14
	000030 14  5 13 13
	000014 14  5 13 14
	000037 14  5 14 13
	000083 14  5 14 14
	000052 14  5 14 15
	000053 14  6 11 14
	000023 14  7  7 15
	000029 14  7  8 13
	000043 14  7 22 14
	000038 14  8  7 15
	000079 14  8 19 10
	000031 14  9 16 14
	000081 14  9 30 12
	000048 14 10 14 11
	000039 14 10 28 13
	000080 14 10 28 14
	000090 14 10 28 15
	000149 14 10 28 16
	000101 14 10 28 17
	000060 14 10 28 18
	000143 14 10 28 19
	000036 14 11 14 10
	000070 14 11 28 13
	000098 14 12 15 11
	000000 14 12 15 12
	000000 14 12 15 13
	000000 14 12 15 14
	000000 14 12 15 15
	000000 14 12 15 16
	000000 14 12 15 17
	000000 14 12 15 18
	000000 14 12 15 19
	000000 14 12 15 20
	000000 14 12 15 21
	000000 14 12 15 22
	000000 14 12 15 23
	000000 14 12 15 24
	000000 14 12 22  1
	000000 14 12 22  2
	000000 14 12 22  3
	000000 14 12 22  4
	000000 14 12 22  5
	000000 14 12 22  6
	000000 14 12 22  7
	000000 14 12 22  8
	000000 14 12 22  9
	000000 14 12 22 10
	000000 14 12 22 11
	000000 14 12 22 12
	000000 14 12 22 13
	000000 14 12 22 14
	000000 14 12 22 15
	000000 14 12 22 16
	000000 14 12 22 17
	000001 14 12 22 18
	000048 14 12 22 19
	000242 14 12 22 20
	000163 14 12 22 21
	000132 14 12 22 22
	000126 14 12 22 23
	000110 14 12 22 24
	000087 14 12 23  1
	000077 14 12 23  2
	000069 14 12 23  3
	000067 14 12 23  4
	000063 14 12 23  5
	000064 14 12 23  6
	000072 14 12 23  7
	000000 14 12 23  8
	000000 14 12 23  9
	000000 14 12 23 10
	000000 14 12 23 11
	000000 14 12 23 12
	000000 14 12 23 13
	000064 14 12 23 14
	000412 15  1  9 20
	000061 15  1 15 13
	000032 15  1 22 15
	000213 15  1 23 10
	000058 15  2  3 11
	000068 15  3 18 10
	000033 15  3 25 12
	000000 15  3 29  3
	000080 15  3 30 10
	000082 15  4 14 11
	000075 15  4 28 10
	000100 15  5 12 10
	000045 15  5 26 11
	000068 15  6  9 11
	000000 15  6  9 13
	000031 15  6  9 14
	000000 15  6  9 15
	000038 15  6  9 16
	000057 15  6 10 13
	000000 15  6 10 14
	000000 15  6 10 15
	000000 15  6 10 16
	000028 15  6 23 11
	000063 15  7  7 11
	000043 15  7 10 12
	000049 15  7 22 11
	000049 15  8  3 10
	000000 15  8 21  2
	000095 15  8 21  3
	000064 15  9  1 11
	000047 15  9 28 15
	000032 15 10  2 16
	000163 15 10  2 17
	000039 15 10  2 18
	000067 15 10 14 15
	000062 15 10 27 10
	000045 15 11 23 15
	000055 15 12  9 15
	000078 15 12 18 11
	000000 15 12 18 12
	000000 15 12 18 13
	000000 15 12 18 14
	000090 15 12 18 15
	000018 16  1  4 10
	000057 16  1 14 13
	000092 16  1 20 11
	000043 16  2  3 13
	000077 16  3  1 13
	000068 16  3 17 20
	000000 16  3 27  3
	000040 16  4  1 14
	000047 16  4 26 14
	000031 16  4 26 15
	000021 16  4 26 16
	000038 16  5 10 12
	000067 16  5 24 11
	000071 16  6 22 11
	000039 16  7  7 12
	000026 16  8 19 12
	000028 16  8 19 13
	000056 16  8 30 12
	000051 16  8 30 13
	000021 16  9 13 13
	000048 16  9 26 12
	000017 16  9 26 13
	000054 16  9 26 14
	000033 16  9 26 15
	000040 16 11 21 18
	000108 16 12 23 10
	000060 16 12 23 14
   -> notV 0000254 of 0043680 (0.58 prctg)
Pre-process PC 08  SC 59  yB 0 
	 value yy mm dd hh
	000000 12  1 16 23
	000000 12  1 16 24
	000044 12  2 16 12
	000043 12  3  1 14
	000036 12  3 11  4
	000000 12  3 11  5
	000000 12  3 11  6
	000000 12  3 11  7
	000000 12  3 11  8
	000000 12  3 11  9
	000000 12  3 11 10
	000000 12  3 11 11
	000002 12  3 11 12
	000000 12  3 25  3
	000025 12  4 19 13
	000000 12  5 24  1
	000005 12  5 24  2
	000024 12  5 24 13
	000013 12  6  8 12
	000015 12  6 14 13
	000020 12  6 22 14
	000011 12  7  6 11
	000030 12  7 19 13
	000014 12  8  3 11
	000037 12  9 25  9
	000000 12  9 25 10
	000000 12  9 25 11
	000055 12  9 28 13
	000007 12  9 30  7
	000021 12 10 26 13
	000014 12 11  7 12
	000010 12 11 21 14
	000012 12 11 21 15
	000011 12 11 26 14
	000063 12 12 27 12
	000046 13  1 10 17
	000018 13  1 18 12
	000068 13  1 31 15
	000057 13  2 15 14
	000025 13  2 15 15
	000002 13  3  1 13
	000009 13  3  1 14
	000003 13  3 14 14
	000010 13  3 27 11
	000009 13  3 27 12
	000000 13  3 31  3
	000027 13  4 13 13
	000003 13  4 26 13
	000002 13  4 26 14
	000004 13  5 10 12
	000001 13  5 10 13
	000003 13  5 22 14
	000001 13  5 24 11
	000019 13  5 24 12
	000074 13  5 24 13
	000007 13  6 15 19
	000000 13  6 15 20
	000000 13  6 15 21
	000000 13  6 15 22
	000000 13  6 15 23
	000000 13  6 15 24
	000000 13  6 17  1
	000000 13  6 17  2
	000000 13  6 17  3
	000000 13  6 17  4
	000000 13  6 17  5
	000000 13  6 17  6
	000000 13  6 17  7
	000000 13  6 17  8
	000000 13  6 17  9
	000000 13  6 17 10
	000000 13  6 17 11
	000000 13  6 17 12
	000000 13  6 17 13
	000005 13  6 17 14
	000007 13  6 20 12
	000031 13  7 26 11
	000000 13  7 26 12
	000000 13  7 26 13
	000000 13  7 26 14
	000000 13  7 26 15
	000002 13  7 26 16
	000096 13  8  2 14
	000006 13  8 16 13
	000016 13  8 21 12
	000005 13  8 30 13
	000000 13  8 30 14
	000000 13  8 30 15
	000002 13  8 30 16
	000085 13  9 27 13
	000014 13 10 17 12
	000039 13 12 20 13
	000008 14  1  9 12
	000001 14  1 24 13
	000026 14  1 28 12
	000000 14  3 30  3
	000003 14  4  2 11
	000014 14  4  2 12
	000015 14  4 26 24
	000004 14  7 10 14
	000011 14  7 24 13
	000005 14  8  8 15
	000026 14  8 20 11
	000016 14  9  3 12
	000021 14 10  3 13
	000001 14 10 13 12
	000314 14 10 13 13
	000206 14 10 13 14
	000012 14 11 12 14
	000026 14 11 26 13
	000041 14 12 12 13
	000036 15  1 23 13
	000024 15  2 20 11
	000035 15  3  6 12
	000024 15  3 20 12
	000000 15  3 29  3
	000022 15  4 10 14
	000014 15  4 10 15
	000050 15  4 17 11
	000013 15  4 29 13
	000024 15  5  8 10
	000000 15  5  8 11
	000000 15  5  8 12
	000002 15  5  8 13
	000037 15  5 14 11
	000013 15  6 12 12
	000059 15  6 25 11
	000090 15  6 25 12
	000058 15  8  7 11
	000009 15  9 18 13
	000035 15 10  1 12
	000030 15 10 16 13
	000003 15 10 26 12
	000222 15 10 26 13
	000114 15 10 26 14
	000000 15 11  2 10
	000021 15 11  2 11
	000023 15 11 13 10
	000006 15 11 25 13
	000026 15 12 11 13
	000034 15 12 21 11
	000004 16  1 18 14
	000007 16  1 18 15
	000020 16  1 19 11
	000136 16  1 19 12
	000025 16  2  5 13
	000032 16  2  5 14
	000012 16  2 19 11
	000026 16  3 18 11
	000038 16  3 18 12
	000000 16  3 27  3
	000007 16  4 28 12
	000035 16  5 11 11
	000059 16  5 27 11
	000026 16  6 16  9
	000033 16  6 24 12
	000005 16  7  5 11
	000138 16  7  5 12
	000189 16  7  5 13
	000012 16  7  5 14
	000006 16  7 22 14
	000061 16  8  4 13
	000002 16  8 18 14
	000018 16  9  1 11
	000001 16  9 29 15
	000006 16  9 29 16
	000011 16 10 28 13
	000029 16 11 25 10
	000018 16 12  5 10
	000019 16 12 23 15
   -> notV 0000170 of 0043824 (0.39 prctg)
Pre-process PC 09  SC 47  yB 0 
	 value yy mm dd hh
	000305 12  1  1  1
	000083 12  1  1  2
	000000 12  1  9  9
	000000 12  1  9 10
	000001 12  2 24  9
	000000 12  3 25  3
	000037 12  5 14 14
	000123 12  5 18 11
	000040 12  5 20 22
	000049 12  5 22  9
	000050 12  5 23 10
	000026 12  5 23 11
	000049 12  5 27 24
	000008 12  7  2  9
	000064 12  7 12 12
	000038 12  7 12 14
	000044 12  7 13  7
	000051 12  7 14  2
	000039 12  7 15 14
	000042 12  7 15 15
	000087 12  7 21 11
	000006 12  7 22 20
	000118 12  7 22 21
	000015 12  7 23  9
	000052 12  7 28 12
	000057 12  7 28 13
	000055 12  7 28 14
	000056 12  8  1 12
	000044 12  8  1 13
	000048 12  8  1 15
	000059 12  8  1 16
	000091 12  8 19 12
	000058 12  8 19 13
	000119 12  8 24 11
	000088 12  8 28 12
	000050 12  8 28 13
	000034 12  8 28 15
	000096 12  8 29 11
	000110 12  8 29 12
	000087 12  9  4 21
	000058 12  9  4 22
	000058 12  9  4 23
	000110 12  9  4 24
	000049 12  9  5 13
	000090 12  9  5 14
	000046 12  9  5 15
	000030 12  9  5 16
	000001 12  9  6 10
	000058 12  9  6 12
	000078 12  9  6 13
	000184 12  9  7 22
	000126 12  9  7 23
	000087 12  9  8 11
	000074 12  9  8 12
	000063 12  9  8 13
	000043 12  9  8 16
	000045 12  9  8 17
	000039 12  9  8 18
	000038 12  9  9 11
	000051 12  9  9 12
	000052 12  9  9 13
	000050 12  9  9 14
	000040 12  9  9 16
	000039 12  9  9 19
	000026 12  9 12  9
	000023 12  9 13 11
	000001 12  9 13 12
	000001 12  9 13 13
	000001 12  9 13 14
	000001 12  9 13 15
	000043 12  9 16 11
	000046 12  9 19 11
	000001 13  3 27  8
	000001 13  3 27  9
	000000 13  3 31  3
	000045 13  5 23 13
	000012 13  9 17  9
	000053 13  9 17 10
	000001 13  9 30 14
	000001 13  9 30 15
	000001 13  9 30 16
	000001 13  9 30 17
	000001 13 11 22 13
	000001 13 11 22 14
	000037 14  3  1 14
	000036 14  3  1 15
	000078 14  3 20 22
	000001 14  3 21 10
	000001 14  3 21 11
	000000 14  3 30  3
	000025 14  5  3 24
	000001 14  5  5 18
	000034 14  5 21 13
	000038 14  5 23 16
	000020 14  5 29 16
	000001 14  5 30 10
	000019 14  6 11 11
	000035 14  6 13 17
	000038 14  6 21 13
	000013 14  7 24 10
	000005 14  8 12  9
	000041 14  9  2 21
	000001 14  9 17 13
	000001 14  9 17 14
	000001 14  9 17 15
	000001 14  9 17 16
	000001 14  9 17 17
	000015 14 10 21  8
	000001 14 10 22 11
	000001 14 10 22 12
	000017 14 10 22 14
	000001 14 11 17 10
	000001 14 11 17 11
	000013 14 12 11 10
	000001 14 12 25 21
	000007 15  1  7 11
	000001 15  1  7 12
	000001 15  1  7 13
	000001 15  1  7 14
	000001 15  1  7 15
	000001 15  1  7 16
	000001 15  1  7 17
	000001 15  1  7 18
	000001 15  1  7 19
	000001 15  1  7 20
	000001 15  1  7 21
	000001 15  1  7 22
	000001 15  1  7 23
	000001 15  1  7 24
	000001 15  1  8  1
	000001 15  1  8  2
	000001 15  1  8  3
	000001 15  1  8  4
	000001 15  1  8  5
	000001 15  1  8  6
	000001 15  1  8  7
	000001 15  1  8  8
	000001 15  1  8  9
	000001 15  1  8 10
	000001 15  1  8 11
	000001 15  1  8 12
	000001 15  1  8 13
	000001 15  1  8 14
	000001 15  1  8 15
	000001 15  1  8 16
	000001 15  1  8 17
	000001 15  1  8 18
	000001 15  1  8 19
	000001 15  1  8 20
	000001 15  1  8 21
	000001 15  1  8 22
	000001 15  1  8 23
	000001 15  1  8 24
	000001 15  1  9  1
	000001 15  1  9  2
	000001 15  1  9  3
	000001 15  1  9  4
	000001 15  1  9  5
	000001 15  1  9  6
	000001 15  1  9  7
	000001 15  1  9  8
	000001 15  1  9  9
	000001 15  1  9 10
	000001 15  1  9 11
	000001 15  1  9 12
	000001 15  1  9 13
	000001 15  1  9 14
	000001 15  1  9 15
	000001 15  1  9 16
	000001 15  1  9 17
	000001 15  1  9 18
	000001 15  1  9 19
	000001 15  1  9 20
	000001 15  1  9 21
	000001 15  1  9 22
	000001 15  1  9 23
	000001 15  1  9 24
	000001 15  1 10  1
	000001 15  1 10  2
	000001 15  1 10  3
	000001 15  1 10  4
	000001 15  1 10  5
	000001 15  1 10  6
	000001 15  1 10  7
	000001 15  1 10  8
	000001 15  1 10  9
	000001 15  1 10 10
	000001 15  1 10 11
	000001 15  1 10 12
	000001 15  1 10 13
	000001 15  1 10 14
	000001 15  1 10 15
	000001 15  1 10 16
	000001 15  1 10 17
	000001 15  1 10 18
	000001 15  1 10 19
	000001 15  1 10 20
	000001 15  1 10 21
	000001 15  1 10 22
	000001 15  1 10 23
	000001 15  1 10 24
	000001 15  1 11  1
	000001 15  1 11  2
	000001 15  1 11  3
	000001 15  1 11  4
	000001 15  1 11  5
	000001 15  1 11  6
	000001 15  1 11  7
	000001 15  1 11  8
	000001 15  1 11  9
	000001 15  1 11 10
	000001 15  1 11 11
	000001 15  1 11 12
	000001 15  1 11 13
	000001 15  1 11 14
	000001 15  1 11 15
	000001 15  1 11 16
	000001 15  1 11 17
	000001 15  1 11 18
	000001 15  1 11 19
	000001 15  1 11 20
	000001 15  1 11 21
	000001 15  1 11 22
	000001 15  1 11 23
	000001 15  1 11 24
	000001 15  1 12  1
	000001 15  1 12  2
	000001 15  1 12  3
	000001 15  1 12  4
	000001 15  1 12  5
	000001 15  1 12  6
	000001 15  1 12  7
	000001 15  1 12  8
	000001 15  1 12  9
	000001 15  1 12 10
	000001 15  1 12 11
	000001 15  1 12 12
	000001 15  1 12 13
	000001 15  1 12 14
	000001 15  1 12 15
	000001 15  1 12 16
	000001 15  1 12 17
	000001 15  1 12 18
	000001 15  1 12 19
	000001 15  1 12 20
	000001 15  1 12 21
	000001 15  1 12 22
	000001 15  1 12 23
	000001 15  1 12 24
	000001 15  1 13  1
	000001 15  1 13  2
	000001 15  1 13  3
	000001 15  1 13  4
	000001 15  1 13  5
	000001 15  1 13  6
	000001 15  1 13  7
	000001 15  1 13  8
	000001 15  1 13  9
	000001 15  1 13 10
	000001 15  1 13 11
	000001 15  1 13 12
	000001 15  1 13 13
	000001 15  1 13 14
	000001 15  1 13 15
	000001 15  1 13 16
	000001 15  1 13 17
	000001 15  1 13 18
	000001 15  1 13 19
	000001 15  1 13 20
	000001 15  1 13 21
	000001 15  1 13 22
	000001 15  1 13 23
	000001 15  1 13 24
	000001 15  1 14  1
	000001 15  1 14  2
	000001 15  1 14  3
	000001 15  1 14  4
	000001 15  1 14  5
	000001 15  1 14  6
	000001 15  1 14  7
	000001 15  1 14  8
	000001 15  1 14  9
	000001 15  1 14 10
	000001 15  1 14 11
	000001 15  1 14 12
	000001 15  1 14 13
	000001 15  1 14 14
	000001 15  1 14 15
	000001 15  1 14 16
	000001 15  1 14 17
	000001 15  1 14 18
	000001 15  1 14 19
	000001 15  1 14 20
	000001 15  1 14 21
	000001 15  1 14 22
	000001 15  1 14 23
	000001 15  1 14 24
	000001 15  1 15  1
	000001 15  1 15  2
	000001 15  1 15  3
	000001 15  1 15  4
	000001 15  1 15  5
	000001 15  1 15  6
	000001 15  1 15  7
	000001 15  1 15  8
	000001 15  1 15  9
	000001 15  1 15 10
	000001 15  1 15 11
	000001 15  1 15 12
	000001 15  1 15 13
	000001 15  1 15 14
	000001 15  1 15 15
	000001 15  1 15 16
	000001 15  1 15 17
	000001 15  1 15 18
	000001 15  1 15 19
	000001 15  1 15 20
	000001 15  1 15 21
	000001 15  1 15 22
	000001 15  1 15 23
	000001 15  1 15 24
	000001 15  1 16  1
	000001 15  1 16  2
	000001 15  1 16  3
	000001 15  1 16  4
	000001 15  1 16  5
	000001 15  1 16  6
	000001 15  1 16  7
	000001 15  1 16  8
	000001 15  1 16  9
	000001 15  1 16 10
	000001 15  1 16 11
	000001 15  1 16 12
	000001 15  1 16 13
	000001 15  1 16 14
	000001 15  1 16 15
	000001 15  1 16 16
	000001 15  1 16 17
	000001 15  1 16 18
	000001 15  1 16 19
	000001 15  1 16 20
	000001 15  1 16 21
	000001 15  1 16 22
	000001 15  1 16 23
	000001 15  1 16 24
	000001 15  1 17  1
	000001 15  1 17  2
	000001 15  1 17  3
	000001 15  1 17  4
	000001 15  1 17  5
	000001 15  1 17  6
	000001 15  1 17  7
	000001 15  1 17  8
	000001 15  1 17  9
	000001 15  1 17 10
	000001 15  1 17 11
	000001 15  1 17 12
	000001 15  1 17 13
	000001 15  1 17 14
	000001 15  1 17 15
	000001 15  1 17 16
	000001 15  1 17 17
	000001 15  1 17 18
	000001 15  1 17 19
	000001 15  1 17 20
	000001 15  1 17 21
	000001 15  1 17 22
	000001 15  1 17 23
	000001 15  1 17 24
	000001 15  1 18  1
	000001 15  1 18  2
	000001 15  1 18  3
	000001 15  1 18  4
	000001 15  1 18  5
	000001 15  1 18  6
	000001 15  1 18  7
	000001 15  1 18  8
	000001 15  1 18  9
	000001 15  1 18 10
	000001 15  1 18 11
	000001 15  1 18 12
	000001 15  1 18 13
	000001 15  1 18 14
	000001 15  1 18 15
	000001 15  1 18 16
	000001 15  1 18 17
	000001 15  1 18 18
	000001 15  1 18 19
	000001 15  1 18 20
	000001 15  1 18 21
	000001 15  1 18 22
	000001 15  1 18 23
	000001 15  1 18 24
	000001 15  1 19  1
	000001 15  1 19  2
	000001 15  1 19  3
	000001 15  1 19  4
	000001 15  1 19  5
	000001 15  1 19  6
	000001 15  1 19  7
	000001 15  1 19  8
	000001 15  1 19  9
	000001 15  1 19 10
	000001 15  1 19 11
	000001 15  1 19 12
	000001 15  1 19 13
	000001 15  1 19 14
	000001 15  1 19 15
	000001 15  1 19 16
	000001 15  1 19 17
	000001 15  1 19 18
	000001 15  1 19 19
	000001 15  1 19 20
	000001 15  1 19 21
	000001 15  1 19 22
	000001 15  1 19 23
	000001 15  1 19 24
	000001 15  1 20  1
	000001 15  1 20  2
	000001 15  1 20  3
	000001 15  1 20  4
	000001 15  1 20  5
	000001 15  1 20  6
	000001 15  1 20  7
	000001 15  1 20  8
	000001 15  1 20  9
	000001 15  1 20 10
	000001 15  1 20 11
	000001 15  1 20 12
	000001 15  2  6 10
	000001 15  2  6 11
	000001 15  3 10 10
	000001 15  3 10 11
	000001 15  3 10 12
	000001 15  3 10 13
	000001 15  3 10 14
	000001 15  3 10 15
	000001 15  3 10 16
	000002 15  3 10 17
	000001 15  3 11 10
	000015 15  3 11 11
	000000 15  3 29  3
	000001 15  4 13 12
	000001 15  4 13 13
	000004 15  4 13 14
	000002 15  5 26 10
	000000 15  5 28 17
	000001 15  7  2 11
	000002 15  7  2 12
	000010 15  7 19 16
	000274 15  7 19 17
	000001 15  9 18 20
	000000 15  9 18 21
	000000 15  9 18 22
	000000 15  9 18 23
	000000 15  9 18 24
	000000 15  9 19  1
	000000 15  9 19  2
	000000 15  9 19  3
	000000 15  9 19  4
	000000 15  9 19  5
	000000 15  9 19  6
	000000 15  9 19  7
	000000 15  9 19  8
	000001 15  9 19  9
	000001 15  9 19 10
	000005 15 10 15 11
	000000 15 10 15 12
	000000 15 10 15 13
	000000 15 10 15 14
	000001 15 10 15 15
	000001 15 10 15 16
	000002 15 10 15 17
	000001 15 10 16 14
	000003 15 10 16 15
	000000 15 10 21 14
	000000 15 10 21 15
	000000 15 10 21 16
	000000 15 10 21 17
	000000 15 10 21 18
	000001 15 10 21 19
	000001 15 10 21 20
	000003 15 10 21 21
	000001 15 10 22 10
	000005 15 10 22 11
	000001 15 11 13 10
	000001 15 11 13 11
	000001 15 12  2 10
	000009 15 12  2 11
	000001 16  1 18 12
	000003 16  1 18 13
	000000 16  2 13 17
	000000 16  2 13 18
	000000 16  2 13 19
	000001 16  2 13 20
	000004 16  2 19 14
	000002 16  2 19 15
	000001 16  3 14 16
	000005 16  3 14 17
	000000 16  3 27  3
	000001 16  4  5 15
	000001 16  4  5 16
	000001 16  4  5 17
	000015 16  5  6  9
	000001 16  5  6 10
	000001 16  5  6 11
	000008 16  5 12 10
	000001 16  5 12 11
	000005 16  5 25 20
	000000 16  5 25 21
	000000 16  5 25 22
	000000 16  5 25 23
	000000 16  5 25 24
	000000 16  5 26  1
	000000 16  5 26  2
	000000 16  5 26  3
	000000 16  5 26  4
	000000 16  5 26  5
	000000 16  5 26  6
	000000 16  5 26  7
	000000 16  5 26  8
	000001 16  5 26  9
	000001 16  5 26 10
	000003 16  5 26 11
	000001 16  6  9 10
	000005 16  6  9 11
	000006 16  7 19 11
	000001 16  7 19 12
	000003 16  7 19 13
	000001 16  7 20 12
	000004 16  7 20 13
	000001 16  7 26 13
	000001 16  7 26 14
	000009 16  7 26 15
	000001 16  8 10 15
	000001 16  8 10 16
	000001 16  8 10 17
	000001 16  9 26 10
	000002 16  9 26 11
	000001 16 10 11 10
	000007 16 10 11 11
	000020 16 10 19 10
	000001 16 10 19 11
	000005 16 10 19 12
	000008 16 11  7 13
	000000 16 11  7 14
	000000 16 11  7 15
	000000 16 11  7 16
	000001 16 11  7 17
	000004 16 11  7 18
	000019 16 11 11 20
	000000 16 11 11 21
	000000 16 11 11 22
	000000 16 11 11 23
	000000 16 11 11 24
	000000 16 11 12  1
	000000 16 11 12  2
	000000 16 11 12  3
	000000 16 11 12  4
	000000 16 11 12  5
	000000 16 11 12  6
	000000 16 11 12  7
	000000 16 11 12  8
	000000 16 11 12  9
	000001 16 11 12 10
	000001 16 11 12 11
	000006 16 11 12 12
	000003 16 11 21 14
	000000 16 11 21 15
	000000 16 11 21 16
	000001 16 11 21 17
	000001 16 11 21 18
	000004 16 11 21 19
	000000 16 11 27 18
	000000 16 11 27 19
	000000 16 11 27 20
	000000 16 11 27 21
	000000 16 11 27 22
	000000 16 11 27 23
	000000 16 11 27 24
	000000 16 11 28  1
	000000 16 11 28  2
	000000 16 11 28  3
	000000 16 11 28  4
	000000 16 11 28  5
	000000 16 11 28  6
	000000 16 11 28  7
	000001 16 11 28  8
	000001 16 11 28  9
	000002 16 11 28 10
	000016 16 12  2  8
	000001 16 12  2  9
	000006 16 12  2 10
	000017 16 12 16 11
	000001 16 12 16 12
	000003 16 12 16 13
	000020 16 12 29 11
	000001 16 12 29 12
	000006 16 12 29 13
   -> notV 0000599 of 0043848 (1.37 prctg)
Pre-process PC 09  SC 50  yB 0 
	 value yy mm dd hh
	000000 12  1 16 12
	000007 12  1 23 14
	000000 12  1 23 15
	000000 12  1 23 16
	000000 12  1 23 17
	000000 12  1 23 18
	000000 12  1 23 19
	000000 12  1 23 20
	000000 12  1 23 21
	000000 12  1 23 22
	000000 12  1 23 23
	000000 12  1 23 24
	000012 12  2  8 11
	000000 12  2  8 12
	000000 12  2  8 13
	000015 12  2  8 14
	000000 12  3 25  3
	000003 12  4 10 13
	000000 12  4 10 14
	000000 12  4 10 15
	000000 12  4 10 16
	000000 12  4 10 17
	000103 12  4 10 18
	000097 12  4 10 21
	000000 12  5  8 13
	000000 12  5  8 14
	000000 12  5  8 15
	000000 12  5  8 16
	000000 12  5  8 17
	000041 12  5  8 20
	000004 12  5 13 12
	000001 12  5 31 15
	000001 12  6 29 11
	000064 12  7 16 18
	000015 12  7 21  2
	000001 12  7 21  3
	000001 12  7 21  4
	000001 12  7 21  5
	000001 12  7 21  6
	000001 12  7 21  7
	000001 12  7 21  8
	000001 12  7 21  9
	000001 12  7 21 10
	000001 12  7 21 11
	000001 12  7 21 12
	000000 12  7 21 13
	000000 12  7 21 14
	000000 12  7 21 15
	000000 12  7 21 16
	000000 12  7 21 17
	000000 12  7 21 18
	000000 12  7 21 19
	000000 12  7 21 20
	000000 12  7 21 21
	000000 12  7 21 22
	000000 12  7 21 23
	000000 12  7 21 24
	000000 12  7 23  1
	000000 12  7 23  2
	000000 12  7 23  3
	000000 12  7 23  4
	000000 12  7 23  5
	000000 12  7 23  6
	000000 12  7 23  7
	000000 12  7 23  8
	000000 12  7 23  9
	000000 12  7 23 10
	000001 12  7 23 11
	000030 12  7 27 14
	000098 12  7 29  9
	000092 12  7 29 12
	000010 12  9  7 12
	000000 12  9  7 13
	000000 12  9  7 14
	000055 12  9  7 15
	000001 12  9 17 12
	000001 12  9 17 13
	000001 12  9 17 14
	000202 12  9 18 15
	000187 12  9 18 16
	000104 12  9 18 17
	000100 12  9 18 20
	000071 12  9 18 21
	000048 12  9 19 17
	000059 12  9 19 18
	000041 12  9 19 19
	000027 12 10  9 14
	000024 12 10 10 14
	000010 12 10 10 15
	000013 12 10 23 15
	000003 12 10 27 18
	000028 12 11 26 10
	000004 12 12  5  1
	000010 12 12 21 11
	000008 13  1  4 12
	000021 13  1  8 15
	000000 13  1  8 16
	000000 13  1  8 17
	000000 13  1  8 18
	000001 13  1  8 19
	000004 13  1 13 11
	000018 13  1 14 10
	000009 13  1 14 12
	000008 13  1 14 14
	000013 13  1 23 20
	000015 13  1 25  8
	000004 13  1 26  8
	000000 13  1 26  9
	000000 13  1 26 10
	000000 13  1 26 11
	000000 13  1 26 12
	000000 13  1 26 13
	000000 13  1 26 14
	000000 13  1 26 15
	000000 13  1 26 16
	000000 13  1 26 17
	000000 13  1 26 18
	000000 13  1 26 19
	000000 13  1 26 20
	000000 13  1 26 21
	000000 13  1 26 22
	000000 13  1 26 23
	000000 13  1 26 24
	000000 13  1 27  1
	000000 13  1 27  2
	000000 13  1 27  3
	000000 13  1 27  4
	000000 13  1 27  5
	000000 13  1 27  6
	000000 13  1 27  7
	000000 13  1 27  8
	000000 13  1 27  9
	000000 13  1 27 10
	000000 13  1 27 11
	000013 13  1 27 12
	000039 13  1 28 13
	000005 13  2  3 15
	000007 13  2 11 12
	000013 13  2 20 10
	000024 13  2 20 13
	000000 13  2 21  3
	000000 13  2 21  4
	000000 13  2 21  5
	000000 13  2 21  6
	000000 13  2 21  7
	000000 13  2 21  8
	000000 13  2 21  9
	000020 13  2 21 10
	000040 13  2 25 17
	000036 13  3  4 14
	000012 13  3  4 15
	000058 13  3  4 16
	000043 13  3  4 17
	000010 13  3 15 21
	000014 13  3 21 12
	000008 13  3 21 14
	000000 13  3 21 15
	000000 13  3 21 16
	000000 13  3 22 12
	000000 13  3 22 13
	000053 13  3 22 14
	000000 13  3 22 15
	000016 13  3 22 16
	000000 13  3 31  3
	000001 13  4  3 15
	000001 13  4  3 16
	000056 13  4  4 15
	000012 13  5 16 10
	000001 13  5 16 11
	001748 13  7 29 11
	000811 13  7 29 12
	000437 13  7 29 13
	000306 13  7 29 14
	000210 13  7 29 15
	000137 13  7 29 16
	000112 13  7 29 17
	000044 13  7 29 18
	000001 13  7 29 19
	000004 13  7 29 20
	000001 13  7 29 21
	000001 13  7 29 22
	000001 13  7 29 23
	000001 13  7 29 24
	000001 13  7 30  1
	000001 13  7 30  2
	000001 13  7 30  3
	000001 13  7 30  4
	000001 13  7 30  5
	000001 13  7 30  6
	000001 13  7 30  7
	000001 13  7 30  8
	000001 13  7 30  9
	000001 13  7 30 10
	000001 13  7 30 11
	000001 13  7 30 12
	000006 13 10  2 14
	000001 13 10  2 15
	001030 13 10  2 16
	000579 13 10  2 17
	000396 13 10  2 18
	000104 13 10  2 19
	000105 13 10  2 20
	000111 13 10  2 21
	000013 13 10  2 22
	000216 13 10  2 23
	000004 13 10  2 24
	000053 13 10  3  1
	000017 13 10  3  2
	000028 13 10  3  3
	000015 13 10  3  4
	000115 13 10  3  5
	000281 13 10  3  6
	000171 13 10  3  7
	000001 13 10  3  8
	000561 13 10  3  9
	000295 13 10  3 10
	000306 13 10  3 11
	000766 13 10  3 12
	000001 13 10  3 13
	001060 13 10  3 14
	000001 13 10  3 15
	000022 13 11  6 11
	000013 13 12  9 11
	000051 13 12 17 12
	003582 14  1  7  6
	000070 14  1  7  7
	000001 14  1  8 12
	000001 14  2 17 10
	000000 14  2 24  8
	000000 14  2 24  9
	000000 14  2 24 10
	000000 14  2 24 11
	000008 14  2 24 12
	000010 14  3 10 10
	000000 14  3 30  3
	000001 14  4 10 11
	000050 14  5  1 15
	000040 14  5  4 15
	000039 14  5  4 18
	000097 14  5  8 13
	000054 14  5  9 19
	000067 14  5  9 20
	000026 14  5 11 24
	000064 14  5 12  1
	000042 14  5 15 20
	000037 14  5 16 20
	000068 14  5 18 20
	000075 14  5 18 21
	000001 14  5 20 10
	000029 14  5 23 14
	000071 14  5 24 19
	000041 14  5 24 21
	000038 14  5 27 17
	000001 14  5 29 14
	000003 14  6 12 15
	000013 14  6 27 12
	000010 14  7 22 14
	000003 14  8  4 16
	000010 14  8 19  9
	000000 14  8 19 10
	000000 14  8 19 11
	000006 14  8 19 12
	000001 14  9 15  8
	000001 14  9 19 14
	000001 14 10 10 13
	000124 14 10 30 11
	000064 14 10 30 12
	000001 14 11  9  6
	000000 14 11  9  7
	000000 14 11  9  8
	000000 14 11  9  9
	000000 14 11  9 10
	000000 14 11  9 11
	000002 14 11  9 12
	000001 14 11 18 12
	000018 14 11 24 12
	000093 14 11 24 13
	000018 14 11 24 14
	000054 14 11 24 18
	000030 14 11 25  9
	000103 14 11 25 10
	000061 14 11 25 11
	000041 14 11 25 12
	000031 14 11 25 13
	000028 14 11 25 14
	000000 14 11 25 15
	000000 14 11 25 16
	000000 14 11 25 17
	000000 14 11 25 18
	000000 14 11 25 19
	000000 14 11 25 20
	000000 14 11 25 21
	000000 14 11 25 22
	000000 14 11 25 23
	000000 14 11 25 24
	000000 14 11 26  1
	000000 14 11 26  2
	000000 14 11 26  3
	000000 14 11 26  4
	000000 14 11 26  5
	000000 14 11 26  6
	000000 14 11 26  7
	000000 14 11 26  8
	000000 14 11 26  9
	000000 14 11 26 10
	000000 14 11 26 11
	000001 14 11 26 12
	000001 14 11 26 13
	000007 14 12 11 12
	000021 14 12 11 13
	000027 14 12 12 10
	000000 14 12 12 11
	000000 14 12 12 12
	000000 14 12 12 13
	000000 14 12 12 14
	000001 14 12 12 15
	000001 14 12 12 16
	002447 14 12 13 12
	000010 14 12 15 21
	000028 14 12 18 11
	000007 14 12 19 13
	000011 14 12 20  3
	000008 14 12 20  4
	000004 14 12 20  5
	000005 14 12 20  6
	000004 14 12 20  7
	000007 14 12 20  8
	000007 14 12 20  9
	000007 14 12 20 10
	000004 14 12 20 14
	000001 14 12 24  9
	000001 14 12 24 10
	000005 14 12 26 10
	000001 14 12 26 11
	001097 14 12 27 12
	003387 14 12 27 13
	000017 14 12 30 11
	000000 14 12 30 12
	000000 14 12 30 13
	000000 14 12 30 14
	000000 14 12 30 15
	000000 14 12 30 16
	000001 14 12 30 17
	000000 14 12 30 18
	000000 14 12 30 19
	000000 14 12 30 20
	000000 14 12 30 21
	000000 14 12 30 22
	000000 14 12 30 23
	000000 14 12 30 24
	000000 15  1 20  1
	000000 15  1 20  2
	000000 15  1 20  3
	000000 15  1 20  4
	000000 15  1 20  5
	000000 15  1 20  6
	000000 15  1 20  7
	000000 15  1 20  8
	000000 15  1 20  9
	000000 15  1 20 10
	000000 15  1 20 11
	000000 15  1 20 12
	000000 15  1 20 13
	000000 15  1 20 14
	000000 15  1 20 15
	000000 15  1 20 16
	000001 15  2  5 13
	000001 15  2  5 14
	000001 15  3 14 11
	000001 15  3 14 12
	000009 15  3 26 12
	000000 15  3 26 13
	000000 15  3 26 14
	000000 15  3 26 15
	000000 15  3 26 16
	000000 15  3 26 17
	000000 15  3 26 18
	000000 15  3 26 19
	000000 15  3 26 20
	000000 15  3 26 21
	000000 15  3 26 22
	000000 15  3 26 23
	000000 15  3 26 24
	000000 15  3 30  1
	000000 15  3 30  2
	000000 15  3 30  3
	000000 15  3 30  4
	000000 15  3 30  5
	000000 15  3 30  6
	000000 15  3 30  7
	000000 15  3 30  8
	000000 15  3 30  9
	000000 15  3 30 10
	000000 15  3 30 11
	000001 15  3 30 12
	000000 15  3 30 13
	000000 15  3 30 14
	000000 15  3 30 15
	000000 15  3 30 16
	000000 15  3 30 17
	000000 15  3 30 18
	000000 15  3 30 19
	000000 15  3 30 20
	000000 15  3 30 21
	000000 15  3 30 22
	000000 15  3 30 23
	000000 15  3 30 24
	000000 15  3 31  1
	000000 15  3 31  2
	000000 15  3 31  3
	000000 15  3 31  4
	000000 15  3 31  5
	000000 15  3 31  6
	000000 15  3 31  7
	000000 15  3 31  8
	000000 15  3 31  9
	000000 15  3 31 10
	000000 15  3 31 11
	000003 15  3 31 12
	000007 15  4  9 11
	000001 15  4  9 12
	000003 15  4  9 13
	000000 15  5 11 13
	000000 15  5 11 14
	000000 15  5 11 15
	000000 15  5 11 16
	000000 15  5 11 17
	000000 15  5 11 18
	000000 15  5 11 19
	000000 15  5 11 20
	000000 15  5 11 21
	000000 15  5 11 22
	000000 15  5 11 23
	000000 15  5 11 24
	000000 15  5 13  1
	000000 15  5 13  2
	000000 15  5 13  3
	000000 15  5 13  4
	000000 15  5 13  5
	000000 15  5 13  6
	000000 15  5 13  7
	000000 15  5 13  8
	000000 15  5 13  9
	000000 15  5 13 10
	000000 15  5 13 11
	000000 15  5 13 12
	000000 15  5 13 13
	000000 15  5 13 14
	000000 15  5 13 15
	000000 15  5 13 16
	000000 15  5 13 17
	000000 15  5 13 18
	000000 15  5 13 19
	000000 15  5 13 20
	000000 15  5 13 21
	000000 15  5 13 22
	000031 15  5 13 23
	000008 15  5 19  8
	000000 15  5 19  9
	000000 15  5 19 10
	000000 15  5 19 11
	000000 15  5 19 12
	000000 15  5 19 13
	000000 15  5 19 14
	000000 15  5 19 15
	000000 15  5 19 16
	000000 15  5 19 17
	000000 15  5 19 18
	000005 15  5 19 19
	000029 15  6 11 13
	000000 15  6 11 14
	000000 15  6 11 15
	000000 15  6 11 16
	000000 15  6 11 17
	000000 15  6 11 18
	000000 15  6 11 19
	000000 15  6 11 20
	000000 15  6 11 21
	000000 15  6 11 22
	000000 15  6 11 23
	000000 15  6 11 24
	000000 15  7 17  1
	000000 15  7 17  2
	000000 15  7 17  3
	000000 15  7 17  4
	000000 15  7 17  5
	000000 15  7 17  6
	000000 15  7 17  7
	000000 15  7 17  8
	000000 15  7 17  9
	000000 15  7 17 10
	000000 15  7 17 11
	000000 15  7 17 12
	000000 15  7 17 13
	000001 15  7 17 14
	000001 15  7 25  7
	000000 15  7 25  8
	000000 15  7 25  9
	000000 15  7 25 10
	000000 15  7 25 11
	000000 15  7 25 12
	000000 15  7 25 13
	000000 15  7 25 14
	000000 15  7 25 15
	000000 15  7 25 16
	000000 15  7 25 17
	000000 15  7 25 18
	000000 15  7 25 19
	000000 15  7 25 20
	000000 15  7 25 21
	000000 15  7 25 22
	000000 15  7 25 23
	000000 15  7 25 24
	000000 15  7 27  1
	000000 15  7 27  2
	000000 15  7 27  3
	000000 15  7 27  4
	000000 15  7 27  5
	000000 15  7 27  6
	000000 15  7 27  7
	000000 15  7 27  8
	000000 15  7 27  9
	000000 15  7 27 10
	000001 15  7 27 11
	000001 15  7 27 12
	000017 15  8  6 13
	000000 15  8  7 12
	000028 15  8  7 17
	000000 15  8  7 18
	000000 15  8  7 19
	000000 15  8  7 20
	000000 15  8  7 21
	000000 15  8  7 22
	000000 15  8  7 23
	000000 15  8  7 24
	000000 15  8  8  1
	000000 15  8  8  2
	000000 15  8  8  3
	000000 15  8  8  4
	000000 15  8  8  5
	000000 15  8  8  6
	000000 15  8  8  7
	000000 15  8  8  8
	000000 15  8  8  9
	000000 15  8  8 10
	000040 15  8  8 16
	000000 15  8  8 17
	000000 15  8  8 18
	000000 15  8  8 19
	000019 15  8  8 20
	000000 15  8  9  2
	000000 15  8  9  3
	000000 15  8  9  4
	000000 15  8  9  5
	000000 15  8  9  6
	000000 15  8  9  7
	000000 15  8  9  8
	000000 15  8  9  9
	000000 15  8  9 10
	000000 15  8  9 11
	000000 15  8  9 12
	000000 15  8  9 13
	000004 15  8  9 14
	000004 15  8 13 16
	000001 15  8 13 17
	000001 15 10 14 13
	000001 15 10 14 14
	000004 15 10 14 15
	000080 15 10 22 16
	000028 15 10 22 17
	000001 15 11 13 14
	000001 15 11 13 15
	000005 15 11 13 16
	000001 15 12 16 12
	000003 15 12 16 13
	000001 16  2 18 12
	000001 16  2 18 13
	000001 16  3 16 15
	000001 16  3 16 16
	000000 16  3 27  3
	000001 16  4 27 13
	000001 16  4 27 14
	000001 16  5 11 14
	000001 16  5 11 15
	000001 16  6  7 14
	000001 16  6  7 15
	000001 16  6 15 13
	000001 16  6 15 14
	000004 16  6 21 14
	000001 16  6 21 15
	000024 16  7 20 13
	000001 16  7 20 14
	000005 16  8 10 14
	000001 16  8 10 15
	000001 16  9 27 13
	000001 16  9 27 14
	000001 16 10  5 12
	000005 16 10  5 13
	000013 16 10  6 10
	000001 16 10  6 11
	000001 16 10  6 12
	000008 16 10  6 13
	000015 16 10 19 12
	000001 16 10 19 13
	000007 16 10 19 14
	000001 16 11 29 14
	000002 16 11 29 15
	000016 16 12  9 13
	000001 16 12  9 14
	000002 16 12  9 15
	000001 16 12 28 11
	000001 16 12 28 12
   -> notV 0000612 of 0042384 (1.44 prctg)
Pre-process PC 09  SC 56  yB 0 
Pre-process PC 09  SC 59  yB 0 
Pre-process PC 14  SC 47  yB 0 
Pre-process PC 14  SC 50  yB 0 
Pre-process PC 14  SC 56  yB 0 
	 value yy mm dd hh
	000000 12  1 23  8
	000000 12  1 23  9
	000000 12  1 23 10
	000011 12  2  1 24
	000000 12  2  2  1
	000000 12  2  2  2
	000000 12  2  2  3
	000000 12  2  2  4
	000000 12  2  2  5
	000000 12  2  2  6
	000000 12  2  2  7
	000000 12  2  2  8
	000000 12  2  2  9
	000006 12  2  7 11
	000033 12  3 13 14
	000075 12  3 19 13
	000070 12  3 20  5
	000001 12  3 20  6
	000054 12  3 20  7
	000001 12  3 20  8
	000000 12  3 25  3
	000161 12  4 25 10
	000066 12  4 25 11
	000009 12  5  8 10
	000003 12  5  9 10
	000008 12  5  9 12
	000055 12  5  9 15
	000000 12  5 27  6
	000000 12  5 27  7
	000000 12  5 27  8
	000000 12  5 27  9
	000000 12  5 27 10
	000000 12  5 27 11
	000000 12  5 27 12
	000067 12  7 17 14
	000078 12  7 17 15
	000036 12  8  1 11
	000019 12  9 11 13
	000025 12  9 24 15
	000003 12  9 24 16
	000004 12  9 24 17
	000005 12  9 28 12
	000003 12 10 23 11
	000090 12 11  5 15
	000013 12 12 17  8
	000000 12 12 17  9
	000012 12 12 17 10
	000028 12 12 20 15
	000147 13  1  9 10
	000045 13  3 13 10
	000000 13  3 31  3
	000006 13  4 16  6
	000049 13  4 22 11
	000013 13  5 21  9
	000000 13  5 21 10
	000000 13  5 21 11
	000062 13  5 21 12
	000081 13  6  8 13
	000000 13  6  8 14
	000000 13  6  8 15
	000000 13  6  8 16
	000000 13  6  8 17
	000000 13  6  8 18
	000000 13  6  8 19
	000000 13  6  8 20
	000000 13  6  8 21
	000000 13  6  8 22
	000000 13  6  8 23
	000000 13  6  8 24
	000000 13  6 10  1
	000000 13  6 10  2
	000000 13  6 10  3
	000000 13  6 10  4
	000000 13  6 10  5
	000000 13  6 10  6
	000000 13  6 10  7
	000000 13  6 10  8
	000000 13  6 10  9
	000000 13  6 10 10
	000000 13  6 10 11
	000000 13  6 10 12
	000000 13  6 10 13
	000013 13  6 10 14
	000029 13  6 15  8
	000000 13  6 15  9
	000000 13  6 15 10
	000000 13  6 15 11
	000000 13  6 15 12
	000000 13  6 15 13
	000000 13  6 15 14
	000000 13  6 15 15
	000000 13  6 15 16
	000000 13  6 15 17
	000000 13  6 15 18
	000103 13  6 15 19
	000144 13  6 19 15
	000150 13  6 19 16
	000048 13  6 20 11
	000048 13  7  4 15
	000053 13  7 30 11
	000080 13  8 13 13
	000054 13  9 18 14
	000032 13 10 15 12
	000011 13 11 13 10
	000020 13 11 13 11
	000029 13 11 13 17
	000005 13 12 10 11
	000203 13 12 10 12
	000065 14  2  5 15
	000005 14  2 18 11
	000000 14  3 30  3
	000038 14  4  8 13
	000000 14  4  8 14
	000026 14  4  8 15
	000073 14  5 13 15
	000192 14  5 14 15
	000088 14  5 14 16
	000077 14  7  8 13
	000088 14  7 22 14
	000107 14  8  7 15
	000065 14  9 16 14
	000021 14  9 30 12
	000034 14 10 14 11
	000028 14 10 29 14
	000034 14 11 14 10
	000022 14 11 28 12
	000007 14 12 15 11
	000000 14 12 15 12
	000000 14 12 15 13
	000000 14 12 15 14
	000000 14 12 15 15
	000000 14 12 15 16
	000000 14 12 15 17
	000000 14 12 15 18
	000000 14 12 15 19
	000000 14 12 15 20
	000000 14 12 15 21
	000000 14 12 15 22
	000000 14 12 15 23
	000000 14 12 15 24
	000000 14 12 22  1
	000000 14 12 22  2
	000000 14 12 22  3
	000000 14 12 22  4
	000000 14 12 22  5
	000000 14 12 22  6
	000000 14 12 22  7
	000000 14 12 22  8
	000000 14 12 22  9
	000000 14 12 22 10
	000000 14 12 22 11
	000000 14 12 22 12
	000000 14 12 22 13
	000000 14 12 22 14
	000000 14 12 22 15
	000000 14 12 22 16
	000000 14 12 22 17
	000001 14 12 22 18
	000300 14 12 22 19
	000004 14 12 22 20
	000005 14 12 22 21
	000006 14 12 22 22
	000006 14 12 22 23
	000005 14 12 22 24
	000005 14 12 23  1
	000006 14 12 23  2
	000006 14 12 23  3
	000006 14 12 23  4
	000006 14 12 23  5
	000006 14 12 23  6
	000005 14 12 23  7
	000000 14 12 23  8
	000000 14 12 23  9
	000000 14 12 23 10
	000000 14 12 23 11
	000000 14 12 23 12
	000000 14 12 23 13
	000036 14 12 23 14
	000005 15  1  4  6
	000017 15  1 15 13
	000081 15  1 23 10
	000042 15  2  3 11
	000044 15  3 18 10
	000196 15  3 25 12
	000000 15  3 29  3
	000026 15  3 30 10
	000033 15  4 14 11
	000170 15  4 28 11
	000028 15  5 12 10
	000042 15  5 26 11
	000173 15  6  3 10
	000050 15  6  3 11
	000058 15  6  9 11
	000000 15  6  9 13
	000000 15  6  9 14
	000000 15  6  9 15
	000119 15  6  9 16
	000028 15  6 10 11
	000065 15  6 10 13
	000000 15  6 10 14
	000000 15  6 10 15
	000000 15  6 10 16
	000089 15  6 23 11
	000063 15  7  7 11
	000027 15  7 10 11
	000062 15  7 22 11
	000145 15  8  3 10
	000082 15  8 18 15
	000000 15  8 21  2
	000007 15  8 21  3
	000079 15  9 28 15
	000109 15 10  2 17
	000038 15 10 14 15
	000016 15 10 27 10
	000029 15 11 10 15
	000008 15 11 12 10
	000012 15 11 16 13
	000000 15 11 16 14
	000000 15 11 16 15
	000000 15 11 16 16
	000000 15 11 16 17
	000009 15 11 16 18
	000018 15 11 21 21
	000017 15 11 21 22
	000017 15 11 21 23
	000017 15 11 21 24
	000017 15 11 22  1
	000016 15 11 22  2
	000016 15 11 22  3
	000016 15 11 22  4
	000016 15 11 22  5
	000016 15 11 22  6
	000016 15 11 22  7
	000017 15 11 22  8
	000016 15 11 22  9
	000016 15 11 22 10
	000016 15 11 22 11
	000016 15 11 22 12
	000016 15 11 22 13
	000016 15 11 22 14
	000016 15 11 22 15
	000016 15 11 22 16
	000016 15 11 22 17
	000016 15 11 22 18
	000016 15 11 22 19
	000016 15 11 22 20
	000016 15 11 22 21
	000016 15 11 22 22
	000016 15 11 22 23
	000016 15 11 22 24
	000016 15 11 23  1
	000016 15 11 23  2
	000016 15 11 23  3
	000016 15 11 23  4
	000016 15 11 23  5
	000016 15 11 23  6
	000016 15 11 23  7
	000016 15 11 23  8
	000016 15 11 23  9
	000069 15 11 23 10
	000026 15 11 23 12
	000026 15 11 23 13
	000026 15 11 23 14
	000026 15 11 23 15
	000012 15 12 18 11
	000000 15 12 18 12
	000000 15 12 18 13
	000000 15 12 18 14
	000019 15 12 18 15
	000047 16  1  4 10
	000024 16  1 14 14
	000015 16  1 20 11
	000049 16  2  3 13
	000062 16  3 17 20
	000000 16  3 17 21
	000000 16  3 17 22
	000000 16  3 17 23
	000000 16  3 17 24
	000000 16  3 18  1
	000000 16  3 18  2
	000000 16  3 18  3
	000000 16  3 18  4
	000000 16  3 18  5
	000000 16  3 18  6
	000000 16  3 18  7
	000000 16  3 18  8
	000000 16  3 18  9
	000000 16  3 18 10
	000000 16  3 18 11
	000000 16  3 18 12
	000000 16  3 18 13
	000000 16  3 18 14
	000000 16  3 18 15
	000097 16  3 18 16
	000000 16  3 27  3
	000049 16  4 26 13
	000165 16  5 20 11
	000037 16  7  7 13
	000044 16  8 19 13
	000000 16  8 19 14
	000000 16  8 19 15
	000000 16  8 19 16
	000077 16  9 13 13
	000075 16  9 26 15
	000007 16 12 23 10
   -> notV 0000305 of 0043680 (0.70 prctg)
Pre-process PC 14  SC 59  yB 0 
	 value yy mm dd hh
	000000 12  1 16 23
	000000 12  1 16 24
	000013 12  2  1 14
	000031 12  2 16 12
	000024 12  3 11  4
	000000 12  3 11  5
	000000 12  3 11  6
	000000 12  3 11  7
	000000 12  3 11  8
	000000 12  3 11  9
	000000 12  3 11 10
	000000 12  3 11 11
	000072 12  3 11 12
	000000 12  3 25  3
	000102 12  3 28 13
	000147 12  4 26 12
	000000 12  5 24  1
	000001 12  5 24  2
	000080 12  5 24 13
	000068 12  6  8 12
	000081 12  6 14 13
	000199 12  7 19 13
	000087 12  7 27 12
	000065 12  8 15  4
	000088 12  8 23 19
	000054 12  8 31 10
	000054 12  9 13 12
	000023 12  9 25  9
	000000 12  9 25 10
	000000 12  9 25 11
	000253 12  9 30  7
	000042 12 10  5 11
	000044 12 10 26 13
	000039 12 11  7 12
	000248 12 11 21 14
	000069 12 11 21 15
	000006 12 11 23 14
	000022 12 11 23 15
	000095 12 11 26 14
	000165 12 11 26 15
	000004 12 11 27 11
	000258 12 11 27 12
	000172 12 11 27 13
	000091 12 12  8 14
	000113 12 12 27 12
	000007 13  1 10 17
	000069 13  3  1 13
	000078 13  3  1 14
	000072 13  3 14 14
	000059 13  3 27 11
	000000 13  3 31  3
	000177 13  4 22 15
	000091 13  4 26 13
	000057 13  5 10 12
	000119 13  5 22 14
	000070 13  6  7 10
	000137 13  6 15 19
	000000 13  6 15 20
	000000 13  6 15 21
	000000 13  6 15 22
	000000 13  6 15 23
	000000 13  6 15 24
	000000 13  6 17  1
	000000 13  6 17  2
	000000 13  6 17  3
	000000 13  6 17  4
	000000 13  6 17  5
	000000 13  6 17  6
	000000 13  6 17  7
	000000 13  6 17  8
	000000 13  6 17  9
	000000 13  6 17 10
	000000 13  6 17 11
	000000 13  6 17 12
	000000 13  6 17 13
	000065 13  6 17 14
	000079 13  6 24 11
	000062 13  7  1 10
	000076 13  7 19 11
	000033 13  7 26 11
	000000 13  7 26 12
	000000 13  7 26 13
	000000 13  7 26 14
	000000 13  7 26 15
	000076 13  7 26 16
	000090 13  8  2 14
	000075 13  8 16 13
	000088 13  8 30 13
	000048 13  9 27 12
	000055 13  9 27 13
	000207 13 10 11 12
	000014 13 10 17 12
	000031 13 10 31 11
	000047 13 11 28 12
	000043 13 12 20 13
	000041 13 12 20 14
	000029 14  1  9 13
	000051 14  1 23 12
	000044 14  2  6 15
	000021 14  3  7 10
	000000 14  3 30  3
	000026 14  4  2 12
	000043 14  4 26 24
	000181 14  5 29 13
	000090 14  5 29 14
	000085 14  6 26 13
	000067 14  7 10 14
	000105 14  7 24 13
	000054 14  8 20 11
	000040 14  9  3 12
	000054 14 10  3 13
	000221 14 10 13 15
	000180 14 10 13 16
	000072 14 11 12 14
	000068 14 11 26 13
	000032 14 11 27 13
	000076 14 11 27 14
	000034 14 12 12 13
	000057 15  1  9 15
	000063 15  1 23 13
	000043 15  2 20 11
	000061 15  3 20 12
	000000 15  3 29  3
	000098 15  4 10 15
	000097 15  4 14 14
	000048 15  4 17 11
	000129 15  4 29 13
	000059 15  5  8 10
	000074 15  5  8 11
	000077 15  5 14 11
	000117 15  6  5 13
	000204 15  6  5 14
	000057 15  6 12 12
	000080 15  6 14 23
	000265 15  6 25 13
	000069 15  6 26 11
	000106 15  7 24 12
	000031 15  8  7 11
	000032 15  9 13  9
	000001 15  9 13 10
	000001 15  9 13 11
	000049 15  9 13 12
	000001 15  9 13 13
	000001 15  9 13 14
	000001 15  9 13 15
	000049 15  9 13 16
	000069 15  9 13 17
	000022 15  9 13 18
	000027 15  9 13 19
	000047 15  9 13 20
	000019 15  9 13 21
	000001 15  9 13 22
	000001 15  9 13 23
	000001 15  9 13 24
	000001 15  9 14  1
	000001 15  9 14  2
	000001 15  9 14  3
	000001 15  9 14  4
	000001 15  9 14  5
	000001 15  9 14  6
	000001 15  9 14  7
	000001 15  9 14  8
	000059 15  9 18 13
	000043 15 10  1 12
	000047 15 10 16 13
	000057 15 10 26 15
	000000 15 11  2 10
	001347 15 11  2 11
	000073 15 11 25 13
	000238 15 11 25 14
	000044 15 12 11 13
	000019 15 12 21 11
	000018 16  1 19 12
	000050 16  2  5 13
	000047 16  2 19 11
	000056 16  3  4 12
	000033 16  3 18 12
	000099 16  3 18 13
	000000 16  3 27  3
	000021 16  3 30 11
	000096 16  5  8 15
	000717 16  5  8 16
	000182 16  5  8 17
	000001 16  5  8 18
	000083 16  5 10 20
	000001 16  5 10 21
	000010 16  5 10 22
	000080 16  5 10 23
	000246 16  5 10 24
	000296 16  5 11  1
	000050 16  5 11 10
	000036 16  5 11 11
	000037 16  5 18 11
	000221 16  5 18 12
	000034 16  6 16  9
	000092 16  6 16 19
	000080 16  6 24 12
	000125 16  7 22 14
	000072 16  8 18 13
	000068 16  9  1 11
	000049 16 10 13 11
	000052 16 10 28 13
	000018 16 11 25 10
	000033 16 12  5 10
	000151 16 12 23 15
   -> notV 0000205 of 0043824 (0.47 prctg)
