 00014
 00006
 00009
 00013
 00016
 00009
 00005
 00007
 00007
 00007
 00006
 00009
 00011
 00016
 00014
 00005
 00005
 00008
 00010
 00009
 00005
 00007
 00000
 00007
 00009
 00011
 00006
 00004
 00004
 00008
 00009
 00010
 00007
 00006
 00005
 00005
 00006
 00004
 00006
 00008
 00007
 00005
 00006
 00005
 00006
 00005
 00005
 00006
 00007
 00007
 00004
 00007
 00006
 00007
 00006
 00008
 00013
 00006
 00008
 00010
 00008
 00010
 00008
 00006
 00004
 00005
 00005
 00008
 00006
 00007
 00005
 00007
 00007
 00008
 00006
 00008
 00008
 00004
 00005
 00004
 00006
 00007
 00006
 00006
 00005
 00005
 00007
 00009
 00006
 00006
 00007
 00007
 00006
 00005
 00008
 00005
 00003
 00004
 00007
 00004
 00007
 00006
 00005
 00005
 00005
 00005
 00005
 00006
 00005
 00006
 00007
 00006
 00005
 00006
 00005
 00006
 00008
 00007
 00005
 00006
 00006
 00006
 00006
 00006
 00006
 00005
 00006
 00007
 00008
 00006
 00007
 00008
 00008
 00005
 00006
 00007
 00007
 00009
 00007
 00006
 00005
 00006
 00007
 00005
 00007
 00008
 00006
 00005
 00006
 00007
 00008
 00008
 00008
 00008
 00006
 00006
 00007
 00007
 00006
 00006
 00006
 00005
 00005
 00005
 00006
 00007
 00007
 00006
 00005
 00006
 00007
 00006
 00006
 00006
 00012
 00014
 00016
 00020
 00036
 00058
 00047
 00016
 00010
 00010
 00017
 00016
 00011
 00008
 00010
 00008
 00011
 00013
 00014
 00009
 00015
 00009
 00012
 00014
 00010
 00013
 00019
 00018
 00003
 00000
 00006
 00015
 00015
 00016
 00013
 00013
 00012
 00013
 00011
 00008
 00008
 00008
 00011
 00006
 00006
 00009
 00009
 00018
 00022
 00018
 00010
 00010
 00007
 00006
 00007
 00011
 00018
 00019
 00021
 00022
 00020
 00009
 00009
 00005
 00006
 00010
 00008
 00007
 00007
 00004
 00005
 00005
 00006
 00006
 00008
 00011
 00015
 00013
 00010
 00015
 00013
 00011
 00005
 00009
 00007
 00009
 00017
 00019
 00018
 00020
 00024
 00022
 00016
 00009
 00009
 00010
 00009
 00008
 00005
 00008
 00014
 00015
 00016
 00016
 00019
 00017
 00019
 00019
 00017
 00013
 00011
 00006
 00007
 00008
 00009
 00012
 00017
 00014
 00010
 00007
 00010
 00015
 00014
 00014
 00008
 00008
 00007
 00004
 00011
 00009
 00011
 00009
 00009
 00011
 00009
 00011
 00007
 00007
 00009
 00008
 00007
 00005
 00006
 00007
 00011
 00010
 00013
 00011
 00006
 00012
 00020
 00013
 00013
 00019
 00019
 00024
 00012
 00009
 00008
 00009
 00008
 00007
 00013
 00019
 00008
 00008
 00013
 00015
 00009
 00009
 00024
 00014
 00019
 00025
 00010
 00008
 00007
 00012
 00018
 00016
 00011
 00011
 00010
 00014
 00014
 00012
 00015
 00024
 00018
 00019
 00018
 00014
 00011
 00009
 00010
 00016
 00022
 00023
 00020
 00014
 00015
 00021
 00015
 00007
 00005
 00008
 00008
 00007
 00009
 00007
 00006
 00006
 00008
 00009
 00007
 00008
 00014
 00005
 00008
 00011
 00020
 00022
 00023
 00016
 00004
 00006
 00017
 00014
 00006
 00009
 00007
 00007
 00008
 00007
 00010
 00012
 00015
 00013
 00016
 00018
 00013
 00011
 00011
 00010
 00007
 00009
 00007
 00008
 00010
 00010
 00008
 00011
 00011
 00009
 00009
 00012
 00011
 00008
 00009
 00007
 00005
 00006
 00007
 00006
 00008
 00009
 00008
 00010
 00007
 00012
 00011
 00011
 00013
 00007
 00007
 00008
 00007
 00008
 00007
 00006
 00008
 00008
 00008
 00009
 00010
 00009
 00008
 00008
 00009
 00010
 00010
 00010
 00009
 00011
 00012
 00011
 00013
 00015
 00016
 00016
 00007
 00005
 00007
 00007
 00010
 00012
 00016
 00010
 00004
 00005
 00005
 00009
 00008
 00005
 00006
 00009
 00008
 00012
 00010
 00012
 00011
 00009
 00006
 00008
 00010
 00011
 00005
 00007
 00008
 00006
 00008
 00006
 00007
 00009
 00009
 00008
 00009
 00010
 00011
 00008
 00009
 00008
 00009
 00007
 00007
 00008
 00011
 00013
 00015
 00014
 00007
 00008
 00011
 00012
 00009
 00013
 00011
 00010
 00010
 00008
 00008
 00007
 00009
 00010
 00008
 00008
 00009
 00012
 00008
 00012
 00014
 00005
 00009
 00011
 00012
 00013
 00008
 00008
 00011
 00013
 00013
 00017
 00016
 00016
 00016
 00015
 00016
 00015
 00017
 00018
 00016
 00015
 00017
 00014
 00011
 00014
 00009
 00013
 00010
 00011
 00006
 00273
 00001
 00009
 00018
 00015
 00007
 00009
 00011
 00011
 00008
 00005
 00009
 00007
 00008
 00013
 00009
 00010
 00014
 00012
 00012
 00012
 00013
 00009
 00012
 00023
 00025
 00020
 00007
 00009
 00009
 00008
 00010
 00011
 00007
 00010
 00012
 00012
 00011
 00011
 00014
 00011
 00011
 00009
 00009
 00005
 00009
 00009
 00010
 00010
 00008
 00009
 00007
 00007
 00006
 00005
 00010
 00014
 00018
 00019
 00021
 00017
 00008
 00006
 00008
 00007
 00010
 00245
 00011
 00008
 00005
 00008
 00012
 00012
 00011
 00009
 00009
 00015
 00014
 00013
 00015
 00012
 00021
 00016
 00009
 00011
 00014
 00012
 00013
 00011
 00010
 00013
 00015
 00007
 00008
 00015
 00011
 00013
 00010
 00008
 00007
 00012
 00010
 00012
 00007
 00008
 00012
 00009
 00005
 00006
 00006
 00006
 00008
 00011
 00010
 00008
 00009
 00009
 00008
 00007
 00009
 00008
 00006
 00009
 00015
 00012
 00005
 00012
 00014
 00016
 00017
 00007
 00014
 00018
 00014
 00011
 00011
 00016
 00025
 00009
 00008
 00009
 00014
 00020
 00009
 00007
 00010
 00015
 00016
 00008
 00005
 00008
 00007
 00006
 00009
 00013
 00010
 00008
 00008
 00008
 00005
 00008
 00010
 00024
 00015
 00013
 00011
 00019
 00025
 00010
 00007
 00010
 00008
 00008
 00007
 00007
 00008
 00010
 00009
 00009
 00016
 00007
 00010
 00005
 00006
 00009
 00008
 00010
 00006
 00008
 00012
 00008
 00010
 00008
 00009
 00006
 00007
 00007
 00010
 00012
 00011
 00008
 00008
 00009
 00010
 00010
 00016
 00013
 00007
 00010
 00009
 00011
 00009
 00009
 00013
 00008
 00007
 00006
 00006
 00008
 00009
 00013
 00014
 00011
 00010
 00009
 00013
 00016
 00018
 00016
 00015
 00012
 00014
 00018
 00015
 00016
 00020
 00006
 00006
 00012
 00008
 00006
 00010
 00011
 00013
 00009
 00012
 00010
 00011
 00007
 00010
 00008
 00010
 00011
 00010
 00014
 00014
 00019
 00013
 00013
 00012
 00012
 00013
 00009
 00008
 00013
 00008
 00008
 00010
 00011
 00010
 00008
 00008
 00009
 00011
 00011
 00017
 00010
 00008
 00006
 00010
 00015
 00016
 00017
 00018
 00015
 00012
 00010
 00014
 00009
 00010
 00010
 00008
 00011
 00011
 00019
 00009
 00011
 00012
 00012
 00012
 00015
 00010
 00012
 00011
 00010
 00007
 00006
 00006
 00009
 00011
 00010
 00010
 00021
 00009
 00009
 00011
 00010
 00014
 00012
 00014
 00009
 00008
 00008
 00009
 00013
 00016
 00016
 00009
 00010
 00012
 00009
 00009
 00013
 00010
 00007
 00006
 00009
 00010
 00009
 00011
 00011
 00013
 00008
 00010
 00010
 00007
 00007
 00008
 00008
 00009
 00011
 00013
 00018
 00021
 00021
 00009
 00007
 00008
 00009
 00012
 00014
 00015
 00016
 00017
 00016
 00005
 00007
 00014
 00018
 00011
 00006
 00009
 00012
 00012
 00010
 00010
 00008
 00009
 00010
 00012
 00006
 00007
 00008
 00010
 00009
 00013
 00010
 00013
 00009
 00010
 00007
 00009
 00012
 00012
 00011
 00012
 00010
 00012
 00012
 00011
 00013
 00014
 00011
 00011
 00010
 00010
 00008
 00009
 00011
 00008
 00009
 00009
 00007
 00007
 00009
 00010
 00009
 00009
 00009
 00008
 00009
 00010
 00010
 00021
 00018
 00015
 00016
 00018
 00011
 00012
 00012
 00015
 00013
 00013
 00014
 00008
 00010
 00009
 00008
 00007
 00005
 00008
 00009
 00012
 00012
 00014
 00013
 00014
 00020
 00024
 00011
 00011
 00015
 00012
 00012
 00018
 00020
 00022
 00020
 00014
 00016
 00014
 00008
 00007
 00011
 00011
 00009
 00008
 00007
 00011
 00010
 00009
 00011
 00008
 00006
 00007
 00009
 00012
 00013
 00012
 00014
 00015
 00027
 00022
 00032
 00013
 00009
 00008
 00008
 00009
 00011
 00008
 00006
 00009
 00013
 00007
 00007
 00011
 00008
 00021
 00021
 00015
 00017
 00007
 00007
 00017
 00018
 00023
 00022
 00008
 00006
 00008
 00013
 00012
 00008
 00011
 00012
 00005
 00004
 00008
 00000
 00000
 00000
 00000
 00000
 00000
 00000
 00000
 00000
 00000
 00000
 00000
 00000
 00000
 00000
 00000
 00000
 00000
 00000
 00000
 00016
 00011
 00008
 00011
 00011
 00005
 00015
 00008
 00019
 00012
 00006
 00004
 00004
 00008
 00006
 00005
 00005
 00005
 00008
 00011
 00009
 00010
 00011
 00014
 00021
 00008
 00005
 00007
 00002
 00005
 00014
 00023
 00008
 00007
 00006
 00004
 00005
 00011
 00006
 00008
 00006
 00012
 00020
 00011
 00005
 00009
 00013
 00009
 00008
 00009
 00015
 00020
 00011
 00002
 00009
 00014
 00016
 00008
 00006
 00009
 00005
 00003
 00007
 00003
 00003
 00006
 00000
 00000
 00000
 00001
 00010
 00005
 00004
 00003
 00003
 00004
 00006
 00007
 00007
 00007
 00015
 00010
 00011
 00013
 00014
 00011
 00008
 00012
 00010
 00004
 00005
 00005
 00009
 00012
 00014
 00006
 00005
 00005
 00006
 00009
 00011
 00007
 00008
 00009
 00011
 00004
 00007
 00011
 00008
 00009
 00011
 00009
 00000
 00031
 00017
 00004
 00003
 00005
 00010
 00007
 00004
 00004
 00004
 00005
 00004
 00006
 00006
 00004
 00011
 00009
 00010
 00008
 00010
 00012
 00011
 00007
 00009
 00010
 00009
 00008
 00010
 00014
 00018
 00000
 00000
 00000
 00000
 00000
 00000
 00000
 00000
 00000
 00000
 00000
 00000
 00000
 00000
 00000
 00000
 00000
 00000
 00000
 00000
 00000
 00000
 00000
 00000
 00000
 00000
 00000
 00000
 00000
 00000
 00000
 00000
 00000
 00000
 00000
 00017
 00011
 00008
 00010
 00012
 00011
 00010
 00012
 00003
 00000
 00007
 00010
 00009
 00009
 00007
 00005
 00009
 00015
 00013
 00012
 00011
 00012
 00020
 00008
 00010
 00018
 00010
 00004
 00004
 00005
 00005
 00007
 00007
 00009
 00010
 00011
 00008
 00010
 00005
 00007
 00010
 00008
 00010
 00009
 00010
 00013
 00011
 00010
 00011
 00006
 00006
 00007
 00007
 00010
 00011
 00010
 00008
 00011
 00006
 00007
 00008
 00007
 00006
 00006
 00009
 00009
 00011
 00009
 00005
 00006
 00009
 00008
 00009
 00007
 00009
 00009
 00012
 00011
 00014
 00013
 00014
 00007
 00008
 00011
 00014
 00015
 00011
 00007
 00009
 00013
 00012
 00012
 00014
 00011
 00009
 00006
 00011
 00013
 00013
 00016
 00011
 00011
 00007
 00006
 00009
 00014
 00010
 00007
 00005
 00008
 00016
 00012
 00023
 00013
 00008
 00012
 00017
 00018
 00015
 00011
 00014
 00018
 00027
 00034
 00018
 00021
 00020
 00006
 00005
 00003
 00016
 00008
 00009
 00009
 00009
 00013
 00014
 00017
 00030
 00025
 00027
 00023
 00016
 00018
 00024
 00012
 00015
 00012
 00011
 00018
 00020
 00028
 00024
 00028
 00029
 00029
 00025
 00028
 00021
 00024
 00031
 00030
 00021
 00011
 00015
 00015
 00012
 00014
 00013
 00006
 00007
 00004
 00005
 00004
 00004
 00006
 00005
 00004
 00006
 00010
 00017
 00020
 00007
 00004
 00011
 00010
 00015
 00021
 00024
 00029
 00017
 00013
 00020
 00026
 00038
 00024
 00007
 00010
 00013
 00021
 00026
 00008
 00004
 00012
 00021
 00005
 00006
 00004
 00005
 00006
 00004
 00004
 00003
 00003
 00004
 00011
 00007
 00003
 00005
 00015
 00054
 00018
 00018
 00008
 00008
 00004
 00003
 00007
 00013
 00010
 00009
 00012
 00005
 00004
 00004
 00005
 00008
 00004
 00004
 00011
 00012
 00016
 00015
 00020
 00015
 00014
 00009
 00008
 00006
 00007
 00010
 00013
 00015
 00015
 00004
 00006
 00008
 00012
 00005
 00003
 00008
 00009
 00008
 00004
 00005
 00006
 00004
 00006
 00005
 00007
 00007
 00006
 00011
 00011
 00006
 00005
 00005
 00009
 00008
 00007
 00008
 00011
 00004
 00008
 00009
 00011
 00006
 00008
 00007
 00003
 00004
 00005
 00009
 00008
 00010
 00009
 00006
 00006
 00007
 00006
 00006
 00006
 00006
 00008
 00009
 00011
 00013
 00006
 00008
 00014
 00006
 00006
 00009
 00007
 00010
 00012
 00006
 00006
 00006
 00005
 00008
 00007
 00011
 00010
 00008
 00012
 00008
 00012
 00013
 00014
 00008
 00007
 00006
 00005
 00004
 00005
 00006
 00003
 00003
 00006
 00006
 00005
 00009
 00013
 00010
 00008
 00011
 00014
 00016
 00013
 00011
 00011
 00009
 00012
 00011
 00012
 00009
 00013
 00013
 00014
 00011
 00009
 00006
 00004
 00004
 00008
 00009
 00007
 00012
 00025
 00015
 00009
 00003
 00005
 00005
 00010
 00013
 00012
 00012
 00014
 00010
 00008
 00010
 00011
 00012
 00005
 00004
 00005
 00006
 00008
 00004
 00004
 00008
 00008
 00007
 00009
 00016
 00013
 00010
 00010
 00006
 00008
 00008
 00010
 00007
 00006
 00008
 00014
 00018
 00012
 00008
 00010
 00009
 00011
 00013
 00013
 00015
 00014
 00015
 00022
 00012
 00010
 00012
 00012
 00010
 00004
 00007
 00006
 00003
 00004
 00006
 00007
 00010
 00012
 00012
 00011
 00012
 00009
 00005
 00004
 00010
 00011
 00011
 00009
 00012
 00012
 00013
 00010
 00010
 00008
 00008
 00008
 00011
 00010
 00009
 00011
 00012
 00010
 00011
 00009
 00016
 00015
 00015
 00015
 00005
 00004
 00008
 00015
 00013
 00015
 00014
 00010
 00013
 00017
 00018
 00017
 00014
 00006
 00004
 00007
 00006
 00005
 00013
 00017
 00021
 00014
 00004
 00005
 00011
 00019
 00028
 00022
 00009
 00005
 00006
 00008
 00009
 00008
 00007
 00005
 00006
 00006
 00005
 00005
 00013
 00012
 00007
 00006
 00011
 00021
 00015
 00011
 00011
 00016
 00028
 00023
 00021
 00015
 00009
 00005
 00005
 00007
 00016
 00008
 00024
 00018
 00006
 00011
 00022
 00008
 00012
 00018
 00019
 00017
