   7.00   7.00   5.00   0.01   1.00
   7.00   7.00   5.00   0.01   5.00
   7.00   7.00   5.00   0.01  10.00
   7.00   7.00   5.00   0.01  20.00
   7.00   7.00   5.00   0.05   1.00
   7.00   7.00   5.00   0.05   5.00
   7.00   7.00   5.00   0.05  10.00
   7.00   7.00   5.00   0.05  20.00
   7.00   7.00   5.00   0.10   1.00
   7.00   7.00   5.00   0.10   5.00
   7.00   7.00   5.00   0.10  10.00
   7.00   7.00   5.00   0.10  20.00
   7.00   7.00   5.00   0.20   1.00
   7.00   7.00   5.00   0.20   5.00
   7.00   7.00   5.00   0.20  10.00
   7.00   7.00   5.00   0.20  20.00
   7.00   7.00   6.00   0.01   1.00
   7.00   7.00   6.00   0.01   5.00
   7.00   7.00   6.00   0.01  10.00
   7.00   7.00   6.00   0.01  20.00
   7.00   7.00   6.00   0.05   1.00
   7.00   7.00   6.00   0.05   5.00
   7.00   7.00   6.00   0.05  10.00
   7.00   7.00   6.00   0.05  20.00
   7.00   7.00   6.00   0.10   1.00
   7.00   7.00   6.00   0.10   5.00
   7.00   7.00   6.00   0.10  10.00
   7.00   7.00   6.00   0.10  20.00
   7.00   7.00   6.00   0.20   1.00
   7.00   7.00   6.00   0.20   5.00
   7.00   7.00   6.00   0.20  10.00
   7.00   7.00   6.00   0.20  20.00
   7.00  14.00   5.00   0.01   1.00
   7.00  14.00   5.00   0.01   5.00
   7.00  14.00   5.00   0.01  10.00
   7.00  14.00   5.00   0.01  20.00
   7.00  14.00   5.00   0.05   1.00
   7.00  14.00   5.00   0.05   5.00
   7.00  14.00   5.00   0.05  10.00
   7.00  14.00   5.00   0.05  20.00
   7.00  14.00   5.00   0.10   1.00
   7.00  14.00   5.00   0.10   5.00
   7.00  14.00   5.00   0.10  10.00
   7.00  14.00   5.00   0.10  20.00
   7.00  14.00   5.00   0.20   1.00
   7.00  14.00   5.00   0.20   5.00
   7.00  14.00   5.00   0.20  10.00
   7.00  14.00   5.00   0.20  20.00
   7.00  14.00   6.00   0.01   1.00
   7.00  14.00   6.00   0.01   5.00
   7.00  14.00   6.00   0.01  10.00
   7.00  14.00   6.00   0.01  20.00
   7.00  14.00   6.00   0.05   1.00
   7.00  14.00   6.00   0.05   5.00
   7.00  14.00   6.00   0.05  10.00
   7.00  14.00   6.00   0.05  20.00
   7.00  14.00   6.00   0.10   1.00
   7.00  14.00   6.00   0.10   5.00
   7.00  14.00   6.00   0.10  10.00
   7.00  14.00   6.00   0.10  20.00
   7.00  14.00   6.00   0.20   1.00
   7.00  14.00   6.00   0.20   5.00
   7.00  14.00   6.00   0.20  10.00
   7.00  14.00   6.00   0.20  20.00
   7.00  21.00   5.00   0.01   1.00
   7.00  21.00   5.00   0.01   5.00
   7.00  21.00   5.00   0.01  10.00
   7.00  21.00   5.00   0.01  20.00
   7.00  21.00   5.00   0.05   1.00
   7.00  21.00   5.00   0.05   5.00
   7.00  21.00   5.00   0.05  10.00
   7.00  21.00   5.00   0.05  20.00
   7.00  21.00   5.00   0.10   1.00
   7.00  21.00   5.00   0.10   5.00
   7.00  21.00   5.00   0.10  10.00
   7.00  21.00   5.00   0.10  20.00
   7.00  21.00   5.00   0.20   1.00
   7.00  21.00   5.00   0.20   5.00
   7.00  21.00   5.00   0.20  10.00
   7.00  21.00   5.00   0.20  20.00
   7.00  21.00   6.00   0.01   1.00
   7.00  21.00   6.00   0.01   5.00
   7.00  21.00   6.00   0.01  10.00
   7.00  21.00   6.00   0.01  20.00
   7.00  21.00   6.00   0.05   1.00
   7.00  21.00   6.00   0.05   5.00
   7.00  21.00   6.00   0.05  10.00
   7.00  21.00   6.00   0.05  20.00
   7.00  21.00   6.00   0.10   1.00
   7.00  21.00   6.00   0.10   5.00
   7.00  21.00   6.00   0.10  10.00
   7.00  21.00   6.00   0.10  20.00
   7.00  21.00   6.00   0.20   1.00
   7.00  21.00   6.00   0.20   5.00
   7.00  21.00   6.00   0.20  10.00
   7.00  21.00   6.00   0.20  20.00
   7.00  28.00   5.00   0.01   1.00
   7.00  28.00   5.00   0.01   5.00
   7.00  28.00   5.00   0.01  10.00
   7.00  28.00   5.00   0.01  20.00
   7.00  28.00   5.00   0.05   1.00
   7.00  28.00   5.00   0.05   5.00
   7.00  28.00   5.00   0.05  10.00
   7.00  28.00   5.00   0.05  20.00
   7.00  28.00   5.00   0.10   1.00
   7.00  28.00   5.00   0.10   5.00
   7.00  28.00   5.00   0.10  10.00
   7.00  28.00   5.00   0.10  20.00
   7.00  28.00   5.00   0.20   1.00
   7.00  28.00   5.00   0.20   5.00
   7.00  28.00   5.00   0.20  10.00
   7.00  28.00   5.00   0.20  20.00
   7.00  28.00   6.00   0.01   1.00
   7.00  28.00   6.00   0.01   5.00
   7.00  28.00   6.00   0.01  10.00
   7.00  28.00   6.00   0.01  20.00
   7.00  28.00   6.00   0.05   1.00
   7.00  28.00   6.00   0.05   5.00
   7.00  28.00   6.00   0.05  10.00
   7.00  28.00   6.00   0.05  20.00
   7.00  28.00   6.00   0.10   1.00
   7.00  28.00   6.00   0.10   5.00
   7.00  28.00   6.00   0.10  10.00
   7.00  28.00   6.00   0.10  20.00
   7.00  28.00   6.00   0.20   1.00
   7.00  28.00   6.00   0.20   5.00
   7.00  28.00   6.00   0.20  10.00
   7.00  28.00   6.00   0.20  20.00
   7.00  45.00   5.00   0.01   1.00
   7.00  45.00   5.00   0.01   5.00
   7.00  45.00   5.00   0.01  10.00
   7.00  45.00   5.00   0.01  20.00
   7.00  45.00   5.00   0.05   1.00
   7.00  45.00   5.00   0.05   5.00
   7.00  45.00   5.00   0.05  10.00
   7.00  45.00   5.00   0.05  20.00
   7.00  45.00   5.00   0.10   1.00
   7.00  45.00   5.00   0.10   5.00
   7.00  45.00   5.00   0.10  10.00
   7.00  45.00   5.00   0.10  20.00
   7.00  45.00   5.00   0.20   1.00
   7.00  45.00   5.00   0.20   5.00
   7.00  45.00   5.00   0.20  10.00
   7.00  45.00   5.00   0.20  20.00
   7.00  45.00   6.00   0.01   1.00
   7.00  45.00   6.00   0.01   5.00
   7.00  45.00   6.00   0.01  10.00
   7.00  45.00   6.00   0.01  20.00
   7.00  45.00   6.00   0.05   1.00
   7.00  45.00   6.00   0.05   5.00
   7.00  45.00   6.00   0.05  10.00
   7.00  45.00   6.00   0.05  20.00
   7.00  45.00   6.00   0.10   1.00
   7.00  45.00   6.00   0.10   5.00
   7.00  45.00   6.00   0.10  10.00
   7.00  45.00   6.00   0.10  20.00
   7.00  45.00   6.00   0.20   1.00
   7.00  45.00   6.00   0.20   5.00
   7.00  45.00   6.00   0.20  10.00
   7.00  45.00   6.00   0.20  20.00
   7.00  56.00   5.00   0.01   1.00
   7.00  56.00   5.00   0.01   5.00
   7.00  56.00   5.00   0.01  10.00
   7.00  56.00   5.00   0.01  20.00
   7.00  56.00   5.00   0.05   1.00
   7.00  56.00   5.00   0.05   5.00
   7.00  56.00   5.00   0.05  10.00
   7.00  56.00   5.00   0.05  20.00
   7.00  56.00   5.00   0.10   1.00
   7.00  56.00   5.00   0.10   5.00
   7.00  56.00   5.00   0.10  10.00
   7.00  56.00   5.00   0.10  20.00
   7.00  56.00   5.00   0.20   1.00
   7.00  56.00   5.00   0.20   5.00
   7.00  56.00   5.00   0.20  10.00
   7.00  56.00   5.00   0.20  20.00
   7.00  56.00   6.00   0.01   1.00
   7.00  56.00   6.00   0.01   5.00
   7.00  56.00   6.00   0.01  10.00
   7.00  56.00   6.00   0.01  20.00
   7.00  56.00   6.00   0.05   1.00
   7.00  56.00   6.00   0.05   5.00
   7.00  56.00   6.00   0.05  10.00
   7.00  56.00   6.00   0.05  20.00
   7.00  56.00   6.00   0.10   1.00
   7.00  56.00   6.00   0.10   5.00
   7.00  56.00   6.00   0.10  10.00
   7.00  56.00   6.00   0.10  20.00
   7.00  56.00   6.00   0.20   1.00
   7.00  56.00   6.00   0.20   5.00
   7.00  56.00   6.00   0.20  10.00
   7.00  56.00   6.00   0.20  20.00
   7.00  84.00   5.00   0.01   1.00
   7.00  84.00   5.00   0.01   5.00
   7.00  84.00   5.00   0.01  10.00
   7.00  84.00   5.00   0.01  20.00
   7.00  84.00   5.00   0.05   1.00
   7.00  84.00   5.00   0.05   5.00
   7.00  84.00   5.00   0.05  10.00
   7.00  84.00   5.00   0.05  20.00
   7.00  84.00   5.00   0.10   1.00
   7.00  84.00   5.00   0.10   5.00
   7.00  84.00   5.00   0.10  10.00
   7.00  84.00   5.00   0.10  20.00
   7.00  84.00   5.00   0.20   1.00
   7.00  84.00   5.00   0.20   5.00
   7.00  84.00   5.00   0.20  10.00
   7.00  84.00   5.00   0.20  20.00
   7.00  84.00   6.00   0.01   1.00
   7.00  84.00   6.00   0.01   5.00
   7.00  84.00   6.00   0.01  10.00
   7.00  84.00   6.00   0.01  20.00
   7.00  84.00   6.00   0.05   1.00
   7.00  84.00   6.00   0.05   5.00
   7.00  84.00   6.00   0.05  10.00
   7.00  84.00   6.00   0.05  20.00
   7.00  84.00   6.00   0.10   1.00
   7.00  84.00   6.00   0.10   5.00
   7.00  84.00   6.00   0.10  10.00
   7.00  84.00   6.00   0.10  20.00
   7.00  84.00   6.00   0.20   1.00
   7.00  84.00   6.00   0.20   5.00
   7.00  84.00   6.00   0.20  10.00
   7.00  84.00   6.00   0.20  20.00
   7.00 100.00   5.00   0.01   1.00
   7.00 100.00   5.00   0.01   5.00
   7.00 100.00   5.00   0.01  10.00
   7.00 100.00   5.00   0.01  20.00
   7.00 100.00   5.00   0.05   1.00
   7.00 100.00   5.00   0.05   5.00
   7.00 100.00   5.00   0.05  10.00
   7.00 100.00   5.00   0.05  20.00
   7.00 100.00   5.00   0.10   1.00
   7.00 100.00   5.00   0.10   5.00
   7.00 100.00   5.00   0.10  10.00
   7.00 100.00   5.00   0.10  20.00
   7.00 100.00   5.00   0.20   1.00
   7.00 100.00   5.00   0.20   5.00
   7.00 100.00   5.00   0.20  10.00
   7.00 100.00   5.00   0.20  20.00
   7.00 100.00   6.00   0.01   1.00
   7.00 100.00   6.00   0.01   5.00
   7.00 100.00   6.00   0.01  10.00
   7.00 100.00   6.00   0.01  20.00
   7.00 100.00   6.00   0.05   1.00
   7.00 100.00   6.00   0.05   5.00
   7.00 100.00   6.00   0.05  10.00
   7.00 100.00   6.00   0.05  20.00
   7.00 100.00   6.00   0.10   1.00
   7.00 100.00   6.00   0.10   5.00
   7.00 100.00   6.00   0.10  10.00
   7.00 100.00   6.00   0.10  20.00
   7.00 100.00   6.00   0.20   1.00
   7.00 100.00   6.00   0.20   5.00
   7.00 100.00   6.00   0.20  10.00
   7.00 100.00   6.00   0.20  20.00
  14.00   7.00   5.00   0.01   1.00
  14.00   7.00   5.00   0.01   5.00
  14.00   7.00   5.00   0.01  10.00
  14.00   7.00   5.00   0.01  20.00
  14.00   7.00   5.00   0.05   1.00
  14.00   7.00   5.00   0.05   5.00
  14.00   7.00   5.00   0.05  10.00
  14.00   7.00   5.00   0.05  20.00
  14.00   7.00   5.00   0.10   1.00
  14.00   7.00   5.00   0.10   5.00
  14.00   7.00   5.00   0.10  10.00
  14.00   7.00   5.00   0.10  20.00
  14.00   7.00   5.00   0.20   1.00
  14.00   7.00   5.00   0.20   5.00
  14.00   7.00   5.00   0.20  10.00
  14.00   7.00   5.00   0.20  20.00
  14.00   7.00   6.00   0.01   1.00
  14.00   7.00   6.00   0.01   5.00
  14.00   7.00   6.00   0.01  10.00
  14.00   7.00   6.00   0.01  20.00
  14.00   7.00   6.00   0.05   1.00
  14.00   7.00   6.00   0.05   5.00
  14.00   7.00   6.00   0.05  10.00
  14.00   7.00   6.00   0.05  20.00
  14.00   7.00   6.00   0.10   1.00
  14.00   7.00   6.00   0.10   5.00
  14.00   7.00   6.00   0.10  10.00
  14.00   7.00   6.00   0.10  20.00
  14.00   7.00   6.00   0.20   1.00
  14.00   7.00   6.00   0.20   5.00
  14.00   7.00   6.00   0.20  10.00
  14.00   7.00   6.00   0.20  20.00
  14.00  14.00   5.00   0.01   1.00
  14.00  14.00   5.00   0.01   5.00
  14.00  14.00   5.00   0.01  10.00
  14.00  14.00   5.00   0.01  20.00
  14.00  14.00   5.00   0.05   1.00
  14.00  14.00   5.00   0.05   5.00
  14.00  14.00   5.00   0.05  10.00
  14.00  14.00   5.00   0.05  20.00
  14.00  14.00   5.00   0.10   1.00
  14.00  14.00   5.00   0.10   5.00
  14.00  14.00   5.00   0.10  10.00
  14.00  14.00   5.00   0.10  20.00
  14.00  14.00   5.00   0.20   1.00
  14.00  14.00   5.00   0.20   5.00
  14.00  14.00   5.00   0.20  10.00
  14.00  14.00   5.00   0.20  20.00
  14.00  14.00   6.00   0.01   1.00
  14.00  14.00   6.00   0.01   5.00
  14.00  14.00   6.00   0.01  10.00
  14.00  14.00   6.00   0.01  20.00
  14.00  14.00   6.00   0.05   1.00
  14.00  14.00   6.00   0.05   5.00
  14.00  14.00   6.00   0.05  10.00
  14.00  14.00   6.00   0.05  20.00
  14.00  14.00   6.00   0.10   1.00
  14.00  14.00   6.00   0.10   5.00
  14.00  14.00   6.00   0.10  10.00
  14.00  14.00   6.00   0.10  20.00
  14.00  14.00   6.00   0.20   1.00
  14.00  14.00   6.00   0.20   5.00
  14.00  14.00   6.00   0.20  10.00
  14.00  14.00   6.00   0.20  20.00
  14.00  21.00   5.00   0.01   1.00
  14.00  21.00   5.00   0.01   5.00
  14.00  21.00   5.00   0.01  10.00
  14.00  21.00   5.00   0.01  20.00
  14.00  21.00   5.00   0.05   1.00
  14.00  21.00   5.00   0.05   5.00
  14.00  21.00   5.00   0.05  10.00
  14.00  21.00   5.00   0.05  20.00
  14.00  21.00   5.00   0.10   1.00
  14.00  21.00   5.00   0.10   5.00
  14.00  21.00   5.00   0.10  10.00
  14.00  21.00   5.00   0.10  20.00
  14.00  21.00   5.00   0.20   1.00
  14.00  21.00   5.00   0.20   5.00
  14.00  21.00   5.00   0.20  10.00
  14.00  21.00   5.00   0.20  20.00
  14.00  21.00   6.00   0.01   1.00
  14.00  21.00   6.00   0.01   5.00
  14.00  21.00   6.00   0.01  10.00
  14.00  21.00   6.00   0.01  20.00
  14.00  21.00   6.00   0.05   1.00
  14.00  21.00   6.00   0.05   5.00
  14.00  21.00   6.00   0.05  10.00
  14.00  21.00   6.00   0.05  20.00
  14.00  21.00   6.00   0.10   1.00
  14.00  21.00   6.00   0.10   5.00
  14.00  21.00   6.00   0.10  10.00
  14.00  21.00   6.00   0.10  20.00
  14.00  21.00   6.00   0.20   1.00
  14.00  21.00   6.00   0.20   5.00
  14.00  21.00   6.00   0.20  10.00
  14.00  21.00   6.00   0.20  20.00
  14.00  28.00   5.00   0.01   1.00
  14.00  28.00   5.00   0.01   5.00
  14.00  28.00   5.00   0.01  10.00
  14.00  28.00   5.00   0.01  20.00
  14.00  28.00   5.00   0.05   1.00
  14.00  28.00   5.00   0.05   5.00
  14.00  28.00   5.00   0.05  10.00
  14.00  28.00   5.00   0.05  20.00
  14.00  28.00   5.00   0.10   1.00
  14.00  28.00   5.00   0.10   5.00
  14.00  28.00   5.00   0.10  10.00
  14.00  28.00   5.00   0.10  20.00
  14.00  28.00   5.00   0.20   1.00
  14.00  28.00   5.00   0.20   5.00
  14.00  28.00   5.00   0.20  10.00
  14.00  28.00   5.00   0.20  20.00
  14.00  28.00   6.00   0.01   1.00
  14.00  28.00   6.00   0.01   5.00
  14.00  28.00   6.00   0.01  10.00
  14.00  28.00   6.00   0.01  20.00
  14.00  28.00   6.00   0.05   1.00
  14.00  28.00   6.00   0.05   5.00
  14.00  28.00   6.00   0.05  10.00
  14.00  28.00   6.00   0.05  20.00
  14.00  28.00   6.00   0.10   1.00
  14.00  28.00   6.00   0.10   5.00
  14.00  28.00   6.00   0.10  10.00
  14.00  28.00   6.00   0.10  20.00
  14.00  28.00   6.00   0.20   1.00
  14.00  28.00   6.00   0.20   5.00
  14.00  28.00   6.00   0.20  10.00
  14.00  28.00   6.00   0.20  20.00
  14.00  45.00   5.00   0.01   1.00
  14.00  45.00   5.00   0.01   5.00
  14.00  45.00   5.00   0.01  10.00
  14.00  45.00   5.00   0.01  20.00
  14.00  45.00   5.00   0.05   1.00
  14.00  45.00   5.00   0.05   5.00
  14.00  45.00   5.00   0.05  10.00
  14.00  45.00   5.00   0.05  20.00
  14.00  45.00   5.00   0.10   1.00
  14.00  45.00   5.00   0.10   5.00
  14.00  45.00   5.00   0.10  10.00
  14.00  45.00   5.00   0.10  20.00
  14.00  45.00   5.00   0.20   1.00
  14.00  45.00   5.00   0.20   5.00
  14.00  45.00   5.00   0.20  10.00
  14.00  45.00   5.00   0.20  20.00
  14.00  45.00   6.00   0.01   1.00
  14.00  45.00   6.00   0.01   5.00
  14.00  45.00   6.00   0.01  10.00
  14.00  45.00   6.00   0.01  20.00
  14.00  45.00   6.00   0.05   1.00
  14.00  45.00   6.00   0.05   5.00
  14.00  45.00   6.00   0.05  10.00
  14.00  45.00   6.00   0.05  20.00
  14.00  45.00   6.00   0.10   1.00
  14.00  45.00   6.00   0.10   5.00
  14.00  45.00   6.00   0.10  10.00
  14.00  45.00   6.00   0.10  20.00
  14.00  45.00   6.00   0.20   1.00
  14.00  45.00   6.00   0.20   5.00
  14.00  45.00   6.00   0.20  10.00
  14.00  45.00   6.00   0.20  20.00
  14.00  56.00   5.00   0.01   1.00
  14.00  56.00   5.00   0.01   5.00
  14.00  56.00   5.00   0.01  10.00
  14.00  56.00   5.00   0.01  20.00
  14.00  56.00   5.00   0.05   1.00
  14.00  56.00   5.00   0.05   5.00
  14.00  56.00   5.00   0.05  10.00
  14.00  56.00   5.00   0.05  20.00
  14.00  56.00   5.00   0.10   1.00
  14.00  56.00   5.00   0.10   5.00
  14.00  56.00   5.00   0.10  10.00
  14.00  56.00   5.00   0.10  20.00
  14.00  56.00   5.00   0.20   1.00
  14.00  56.00   5.00   0.20   5.00
  14.00  56.00   5.00   0.20  10.00
  14.00  56.00   5.00   0.20  20.00
  14.00  56.00   6.00   0.01   1.00
  14.00  56.00   6.00   0.01   5.00
  14.00  56.00   6.00   0.01  10.00
  14.00  56.00   6.00   0.01  20.00
  14.00  56.00   6.00   0.05   1.00
  14.00  56.00   6.00   0.05   5.00
  14.00  56.00   6.00   0.05  10.00
  14.00  56.00   6.00   0.05  20.00
  14.00  56.00   6.00   0.10   1.00
  14.00  56.00   6.00   0.10   5.00
  14.00  56.00   6.00   0.10  10.00
  14.00  56.00   6.00   0.10  20.00
  14.00  56.00   6.00   0.20   1.00
  14.00  56.00   6.00   0.20   5.00
  14.00  56.00   6.00   0.20  10.00
  14.00  56.00   6.00   0.20  20.00
  14.00  84.00   5.00   0.01   1.00
  14.00  84.00   5.00   0.01   5.00
  14.00  84.00   5.00   0.01  10.00
  14.00  84.00   5.00   0.01  20.00
  14.00  84.00   5.00   0.05   1.00
  14.00  84.00   5.00   0.05   5.00
  14.00  84.00   5.00   0.05  10.00
  14.00  84.00   5.00   0.05  20.00
  14.00  84.00   5.00   0.10   1.00
  14.00  84.00   5.00   0.10   5.00
  14.00  84.00   5.00   0.10  10.00
  14.00  84.00   5.00   0.10  20.00
  14.00  84.00   5.00   0.20   1.00
  14.00  84.00   5.00   0.20   5.00
  14.00  84.00   5.00   0.20  10.00
  14.00  84.00   5.00   0.20  20.00
  14.00  84.00   6.00   0.01   1.00
  14.00  84.00   6.00   0.01   5.00
  14.00  84.00   6.00   0.01  10.00
  14.00  84.00   6.00   0.01  20.00
  14.00  84.00   6.00   0.05   1.00
  14.00  84.00   6.00   0.05   5.00
  14.00  84.00   6.00   0.05  10.00
  14.00  84.00   6.00   0.05  20.00
  14.00  84.00   6.00   0.10   1.00
  14.00  84.00   6.00   0.10   5.00
  14.00  84.00   6.00   0.10  10.00
  14.00  84.00   6.00   0.10  20.00
  14.00  84.00   6.00   0.20   1.00
  14.00  84.00   6.00   0.20   5.00
  14.00  84.00   6.00   0.20  10.00
  14.00  84.00   6.00   0.20  20.00
  14.00 100.00   5.00   0.01   1.00
  14.00 100.00   5.00   0.01   5.00
  14.00 100.00   5.00   0.01  10.00
  14.00 100.00   5.00   0.01  20.00
  14.00 100.00   5.00   0.05   1.00
  14.00 100.00   5.00   0.05   5.00
  14.00 100.00   5.00   0.05  10.00
  14.00 100.00   5.00   0.05  20.00
  14.00 100.00   5.00   0.10   1.00
  14.00 100.00   5.00   0.10   5.00
  14.00 100.00   5.00   0.10  10.00
  14.00 100.00   5.00   0.10  20.00
  14.00 100.00   5.00   0.20   1.00
  14.00 100.00   5.00   0.20   5.00
  14.00 100.00   5.00   0.20  10.00
  14.00 100.00   5.00   0.20  20.00
  14.00 100.00   6.00   0.01   1.00
  14.00 100.00   6.00   0.01   5.00
  14.00 100.00   6.00   0.01  10.00
  14.00 100.00   6.00   0.01  20.00
  14.00 100.00   6.00   0.05   1.00
  14.00 100.00   6.00   0.05   5.00
  14.00 100.00   6.00   0.05  10.00
  14.00 100.00   6.00   0.05  20.00
  14.00 100.00   6.00   0.10   1.00
  14.00 100.00   6.00   0.10   5.00
  14.00 100.00   6.00   0.10  10.00
  14.00 100.00   6.00   0.10  20.00
  14.00 100.00   6.00   0.20   1.00
  14.00 100.00   6.00   0.20   5.00
  14.00 100.00   6.00   0.20  10.00
  14.00 100.00   6.00   0.20  20.00
  28.00   7.00   5.00   0.01   1.00
  28.00   7.00   5.00   0.01   5.00
  28.00   7.00   5.00   0.01  10.00
  28.00   7.00   5.00   0.01  20.00
  28.00   7.00   5.00   0.05   1.00
  28.00   7.00   5.00   0.05   5.00
  28.00   7.00   5.00   0.05  10.00
  28.00   7.00   5.00   0.05  20.00
  28.00   7.00   5.00   0.10   1.00
  28.00   7.00   5.00   0.10   5.00
  28.00   7.00   5.00   0.10  10.00
  28.00   7.00   5.00   0.10  20.00
  28.00   7.00   5.00   0.20   1.00
  28.00   7.00   5.00   0.20   5.00
  28.00   7.00   5.00   0.20  10.00
  28.00   7.00   5.00   0.20  20.00
  28.00   7.00   6.00   0.01   1.00
  28.00   7.00   6.00   0.01   5.00
  28.00   7.00   6.00   0.01  10.00
  28.00   7.00   6.00   0.01  20.00
  28.00   7.00   6.00   0.05   1.00
  28.00   7.00   6.00   0.05   5.00
  28.00   7.00   6.00   0.05  10.00
  28.00   7.00   6.00   0.05  20.00
  28.00   7.00   6.00   0.10   1.00
  28.00   7.00   6.00   0.10   5.00
  28.00   7.00   6.00   0.10  10.00
  28.00   7.00   6.00   0.10  20.00
  28.00   7.00   6.00   0.20   1.00
  28.00   7.00   6.00   0.20   5.00
  28.00   7.00   6.00   0.20  10.00
  28.00   7.00   6.00   0.20  20.00
  28.00  14.00   5.00   0.01   1.00
  28.00  14.00   5.00   0.01   5.00
  28.00  14.00   5.00   0.01  10.00
  28.00  14.00   5.00   0.01  20.00
  28.00  14.00   5.00   0.05   1.00
  28.00  14.00   5.00   0.05   5.00
  28.00  14.00   5.00   0.05  10.00
  28.00  14.00   5.00   0.05  20.00
  28.00  14.00   5.00   0.10   1.00
  28.00  14.00   5.00   0.10   5.00
  28.00  14.00   5.00   0.10  10.00
  28.00  14.00   5.00   0.10  20.00
  28.00  14.00   5.00   0.20   1.00
  28.00  14.00   5.00   0.20   5.00
  28.00  14.00   5.00   0.20  10.00
  28.00  14.00   5.00   0.20  20.00
  28.00  14.00   6.00   0.01   1.00
  28.00  14.00   6.00   0.01   5.00
  28.00  14.00   6.00   0.01  10.00
  28.00  14.00   6.00   0.01  20.00
  28.00  14.00   6.00   0.05   1.00
  28.00  14.00   6.00   0.05   5.00
  28.00  14.00   6.00   0.05  10.00
  28.00  14.00   6.00   0.05  20.00
  28.00  14.00   6.00   0.10   1.00
  28.00  14.00   6.00   0.10   5.00
  28.00  14.00   6.00   0.10  10.00
  28.00  14.00   6.00   0.10  20.00
  28.00  14.00   6.00   0.20   1.00
  28.00  14.00   6.00   0.20   5.00
  28.00  14.00   6.00   0.20  10.00
  28.00  14.00   6.00   0.20  20.00
  28.00  21.00   5.00   0.01   1.00
  28.00  21.00   5.00   0.01   5.00
  28.00  21.00   5.00   0.01  10.00
  28.00  21.00   5.00   0.01  20.00
  28.00  21.00   5.00   0.05   1.00
  28.00  21.00   5.00   0.05   5.00
  28.00  21.00   5.00   0.05  10.00
  28.00  21.00   5.00   0.05  20.00
  28.00  21.00   5.00   0.10   1.00
  28.00  21.00   5.00   0.10   5.00
  28.00  21.00   5.00   0.10  10.00
  28.00  21.00   5.00   0.10  20.00
  28.00  21.00   5.00   0.20   1.00
  28.00  21.00   5.00   0.20   5.00
  28.00  21.00   5.00   0.20  10.00
  28.00  21.00   5.00   0.20  20.00
  28.00  21.00   6.00   0.01   1.00
  28.00  21.00   6.00   0.01   5.00
  28.00  21.00   6.00   0.01  10.00
  28.00  21.00   6.00   0.01  20.00
  28.00  21.00   6.00   0.05   1.00
  28.00  21.00   6.00   0.05   5.00
  28.00  21.00   6.00   0.05  10.00
  28.00  21.00   6.00   0.05  20.00
  28.00  21.00   6.00   0.10   1.00
  28.00  21.00   6.00   0.10   5.00
  28.00  21.00   6.00   0.10  10.00
  28.00  21.00   6.00   0.10  20.00
  28.00  21.00   6.00   0.20   1.00
  28.00  21.00   6.00   0.20   5.00
  28.00  21.00   6.00   0.20  10.00
  28.00  21.00   6.00   0.20  20.00
  28.00  28.00   5.00   0.01   1.00
  28.00  28.00   5.00   0.01   5.00
  28.00  28.00   5.00   0.01  10.00
  28.00  28.00   5.00   0.01  20.00
  28.00  28.00   5.00   0.05   1.00
  28.00  28.00   5.00   0.05   5.00
  28.00  28.00   5.00   0.05  10.00
  28.00  28.00   5.00   0.05  20.00
  28.00  28.00   5.00   0.10   1.00
  28.00  28.00   5.00   0.10   5.00
  28.00  28.00   5.00   0.10  10.00
  28.00  28.00   5.00   0.10  20.00
  28.00  28.00   5.00   0.20   1.00
  28.00  28.00   5.00   0.20   5.00
  28.00  28.00   5.00   0.20  10.00
  28.00  28.00   5.00   0.20  20.00
  28.00  28.00   6.00   0.01   1.00
  28.00  28.00   6.00   0.01   5.00
  28.00  28.00   6.00   0.01  10.00
  28.00  28.00   6.00   0.01  20.00
  28.00  28.00   6.00   0.05   1.00
  28.00  28.00   6.00   0.05   5.00
  28.00  28.00   6.00   0.05  10.00
  28.00  28.00   6.00   0.05  20.00
  28.00  28.00   6.00   0.10   1.00
  28.00  28.00   6.00   0.10   5.00
  28.00  28.00   6.00   0.10  10.00
  28.00  28.00   6.00   0.10  20.00
  28.00  28.00   6.00   0.20   1.00
  28.00  28.00   6.00   0.20   5.00
  28.00  28.00   6.00   0.20  10.00
  28.00  28.00   6.00   0.20  20.00
  28.00  45.00   5.00   0.01   1.00
  28.00  45.00   5.00   0.01   5.00
  28.00  45.00   5.00   0.01  10.00
  28.00  45.00   5.00   0.01  20.00
  28.00  45.00   5.00   0.05   1.00
  28.00  45.00   5.00   0.05   5.00
  28.00  45.00   5.00   0.05  10.00
  28.00  45.00   5.00   0.05  20.00
  28.00  45.00   5.00   0.10   1.00
  28.00  45.00   5.00   0.10   5.00
  28.00  45.00   5.00   0.10  10.00
  28.00  45.00   5.00   0.10  20.00
  28.00  45.00   5.00   0.20   1.00
  28.00  45.00   5.00   0.20   5.00
  28.00  45.00   5.00   0.20  10.00
  28.00  45.00   5.00   0.20  20.00
  28.00  45.00   6.00   0.01   1.00
  28.00  45.00   6.00   0.01   5.00
  28.00  45.00   6.00   0.01  10.00
  28.00  45.00   6.00   0.01  20.00
  28.00  45.00   6.00   0.05   1.00
  28.00  45.00   6.00   0.05   5.00
  28.00  45.00   6.00   0.05  10.00
  28.00  45.00   6.00   0.05  20.00
  28.00  45.00   6.00   0.10   1.00
  28.00  45.00   6.00   0.10   5.00
  28.00  45.00   6.00   0.10  10.00
  28.00  45.00   6.00   0.10  20.00
  28.00  45.00   6.00   0.20   1.00
  28.00  45.00   6.00   0.20   5.00
  28.00  45.00   6.00   0.20  10.00
  28.00  45.00   6.00   0.20  20.00
  28.00  56.00   5.00   0.01   1.00
  28.00  56.00   5.00   0.01   5.00
  28.00  56.00   5.00   0.01  10.00
  28.00  56.00   5.00   0.01  20.00
  28.00  56.00   5.00   0.05   1.00
  28.00  56.00   5.00   0.05   5.00
  28.00  56.00   5.00   0.05  10.00
  28.00  56.00   5.00   0.05  20.00
  28.00  56.00   5.00   0.10   1.00
  28.00  56.00   5.00   0.10   5.00
  28.00  56.00   5.00   0.10  10.00
  28.00  56.00   5.00   0.10  20.00
  28.00  56.00   5.00   0.20   1.00
  28.00  56.00   5.00   0.20   5.00
  28.00  56.00   5.00   0.20  10.00
  28.00  56.00   5.00   0.20  20.00
  28.00  56.00   6.00   0.01   1.00
  28.00  56.00   6.00   0.01   5.00
  28.00  56.00   6.00   0.01  10.00
  28.00  56.00   6.00   0.01  20.00
  28.00  56.00   6.00   0.05   1.00
  28.00  56.00   6.00   0.05   5.00
  28.00  56.00   6.00   0.05  10.00
  28.00  56.00   6.00   0.05  20.00
  28.00  56.00   6.00   0.10   1.00
  28.00  56.00   6.00   0.10   5.00
  28.00  56.00   6.00   0.10  10.00
  28.00  56.00   6.00   0.10  20.00
  28.00  56.00   6.00   0.20   1.00
  28.00  56.00   6.00   0.20   5.00
  28.00  56.00   6.00   0.20  10.00
  28.00  56.00   6.00   0.20  20.00
  28.00  84.00   5.00   0.01   1.00
  28.00  84.00   5.00   0.01   5.00
  28.00  84.00   5.00   0.01  10.00
  28.00  84.00   5.00   0.01  20.00
  28.00  84.00   5.00   0.05   1.00
  28.00  84.00   5.00   0.05   5.00
  28.00  84.00   5.00   0.05  10.00
  28.00  84.00   5.00   0.05  20.00
  28.00  84.00   5.00   0.10   1.00
  28.00  84.00   5.00   0.10   5.00
  28.00  84.00   5.00   0.10  10.00
  28.00  84.00   5.00   0.10  20.00
  28.00  84.00   5.00   0.20   1.00
  28.00  84.00   5.00   0.20   5.00
  28.00  84.00   5.00   0.20  10.00
  28.00  84.00   5.00   0.20  20.00
  28.00  84.00   6.00   0.01   1.00
  28.00  84.00   6.00   0.01   5.00
  28.00  84.00   6.00   0.01  10.00
  28.00  84.00   6.00   0.01  20.00
  28.00  84.00   6.00   0.05   1.00
  28.00  84.00   6.00   0.05   5.00
  28.00  84.00   6.00   0.05  10.00
  28.00  84.00   6.00   0.05  20.00
  28.00  84.00   6.00   0.10   1.00
  28.00  84.00   6.00   0.10   5.00
  28.00  84.00   6.00   0.10  10.00
  28.00  84.00   6.00   0.10  20.00
  28.00  84.00   6.00   0.20   1.00
  28.00  84.00   6.00   0.20   5.00
  28.00  84.00   6.00   0.20  10.00
  28.00  84.00   6.00   0.20  20.00
  28.00 100.00   5.00   0.01   1.00
  28.00 100.00   5.00   0.01   5.00
  28.00 100.00   5.00   0.01  10.00
  28.00 100.00   5.00   0.01  20.00
  28.00 100.00   5.00   0.05   1.00
  28.00 100.00   5.00   0.05   5.00
  28.00 100.00   5.00   0.05  10.00
  28.00 100.00   5.00   0.05  20.00
  28.00 100.00   5.00   0.10   1.00
  28.00 100.00   5.00   0.10   5.00
  28.00 100.00   5.00   0.10  10.00
  28.00 100.00   5.00   0.10  20.00
  28.00 100.00   5.00   0.20   1.00
  28.00 100.00   5.00   0.20   5.00
  28.00 100.00   5.00   0.20  10.00
  28.00 100.00   5.00   0.20  20.00
  28.00 100.00   6.00   0.01   1.00
  28.00 100.00   6.00   0.01   5.00
  28.00 100.00   6.00   0.01  10.00
  28.00 100.00   6.00   0.01  20.00
  28.00 100.00   6.00   0.05   1.00
  28.00 100.00   6.00   0.05   5.00
  28.00 100.00   6.00   0.05  10.00
  28.00 100.00   6.00   0.05  20.00
  28.00 100.00   6.00   0.10   1.00
  28.00 100.00   6.00   0.10   5.00
  28.00 100.00   6.00   0.10  10.00
  28.00 100.00   6.00   0.10  20.00
  28.00 100.00   6.00   0.20   1.00
  28.00 100.00   6.00   0.20   5.00
  28.00 100.00   6.00   0.20  10.00
  28.00 100.00   6.00   0.20  20.00
  50.00   7.00   5.00   0.01   1.00
  50.00   7.00   5.00   0.01   5.00
  50.00   7.00   5.00   0.01  10.00
  50.00   7.00   5.00   0.01  20.00
  50.00   7.00   5.00   0.05   1.00
  50.00   7.00   5.00   0.05   5.00
  50.00   7.00   5.00   0.05  10.00
  50.00   7.00   5.00   0.05  20.00
  50.00   7.00   5.00   0.10   1.00
  50.00   7.00   5.00   0.10   5.00
  50.00   7.00   5.00   0.10  10.00
  50.00   7.00   5.00   0.10  20.00
  50.00   7.00   5.00   0.20   1.00
  50.00   7.00   5.00   0.20   5.00
  50.00   7.00   5.00   0.20  10.00
  50.00   7.00   5.00   0.20  20.00
  50.00   7.00   6.00   0.01   1.00
  50.00   7.00   6.00   0.01   5.00
  50.00   7.00   6.00   0.01  10.00
  50.00   7.00   6.00   0.01  20.00
  50.00   7.00   6.00   0.05   1.00
  50.00   7.00   6.00   0.05   5.00
  50.00   7.00   6.00   0.05  10.00
  50.00   7.00   6.00   0.05  20.00
  50.00   7.00   6.00   0.10   1.00
  50.00   7.00   6.00   0.10   5.00
  50.00   7.00   6.00   0.10  10.00
  50.00   7.00   6.00   0.10  20.00
  50.00   7.00   6.00   0.20   1.00
  50.00   7.00   6.00   0.20   5.00
  50.00   7.00   6.00   0.20  10.00
  50.00   7.00   6.00   0.20  20.00
  50.00  14.00   5.00   0.01   1.00
  50.00  14.00   5.00   0.01   5.00
  50.00  14.00   5.00   0.01  10.00
  50.00  14.00   5.00   0.01  20.00
  50.00  14.00   5.00   0.05   1.00
  50.00  14.00   5.00   0.05   5.00
  50.00  14.00   5.00   0.05  10.00
  50.00  14.00   5.00   0.05  20.00
  50.00  14.00   5.00   0.10   1.00
  50.00  14.00   5.00   0.10   5.00
  50.00  14.00   5.00   0.10  10.00
  50.00  14.00   5.00   0.10  20.00
  50.00  14.00   5.00   0.20   1.00
  50.00  14.00   5.00   0.20   5.00
  50.00  14.00   5.00   0.20  10.00
  50.00  14.00   5.00   0.20  20.00
  50.00  14.00   6.00   0.01   1.00
  50.00  14.00   6.00   0.01   5.00
  50.00  14.00   6.00   0.01  10.00
  50.00  14.00   6.00   0.01  20.00
  50.00  14.00   6.00   0.05   1.00
  50.00  14.00   6.00   0.05   5.00
  50.00  14.00   6.00   0.05  10.00
  50.00  14.00   6.00   0.05  20.00
  50.00  14.00   6.00   0.10   1.00
  50.00  14.00   6.00   0.10   5.00
  50.00  14.00   6.00   0.10  10.00
  50.00  14.00   6.00   0.10  20.00
  50.00  14.00   6.00   0.20   1.00
  50.00  14.00   6.00   0.20   5.00
  50.00  14.00   6.00   0.20  10.00
  50.00  14.00   6.00   0.20  20.00
  50.00  21.00   5.00   0.01   1.00
  50.00  21.00   5.00   0.01   5.00
  50.00  21.00   5.00   0.01  10.00
  50.00  21.00   5.00   0.01  20.00
  50.00  21.00   5.00   0.05   1.00
  50.00  21.00   5.00   0.05   5.00
  50.00  21.00   5.00   0.05  10.00
  50.00  21.00   5.00   0.05  20.00
  50.00  21.00   5.00   0.10   1.00
  50.00  21.00   5.00   0.10   5.00
  50.00  21.00   5.00   0.10  10.00
  50.00  21.00   5.00   0.10  20.00
  50.00  21.00   5.00   0.20   1.00
  50.00  21.00   5.00   0.20   5.00
  50.00  21.00   5.00   0.20  10.00
  50.00  21.00   5.00   0.20  20.00
  50.00  21.00   6.00   0.01   1.00
  50.00  21.00   6.00   0.01   5.00
  50.00  21.00   6.00   0.01  10.00
  50.00  21.00   6.00   0.01  20.00
  50.00  21.00   6.00   0.05   1.00
  50.00  21.00   6.00   0.05   5.00
  50.00  21.00   6.00   0.05  10.00
  50.00  21.00   6.00   0.05  20.00
  50.00  21.00   6.00   0.10   1.00
  50.00  21.00   6.00   0.10   5.00
  50.00  21.00   6.00   0.10  10.00
  50.00  21.00   6.00   0.10  20.00
  50.00  21.00   6.00   0.20   1.00
  50.00  21.00   6.00   0.20   5.00
  50.00  21.00   6.00   0.20  10.00
  50.00  21.00   6.00   0.20  20.00
  50.00  28.00   5.00   0.01   1.00
  50.00  28.00   5.00   0.01   5.00
  50.00  28.00   5.00   0.01  10.00
  50.00  28.00   5.00   0.01  20.00
  50.00  28.00   5.00   0.05   1.00
  50.00  28.00   5.00   0.05   5.00
  50.00  28.00   5.00   0.05  10.00
  50.00  28.00   5.00   0.05  20.00
  50.00  28.00   5.00   0.10   1.00
  50.00  28.00   5.00   0.10   5.00
  50.00  28.00   5.00   0.10  10.00
  50.00  28.00   5.00   0.10  20.00
  50.00  28.00   5.00   0.20   1.00
  50.00  28.00   5.00   0.20   5.00
  50.00  28.00   5.00   0.20  10.00
  50.00  28.00   5.00   0.20  20.00
  50.00  28.00   6.00   0.01   1.00
  50.00  28.00   6.00   0.01   5.00
  50.00  28.00   6.00   0.01  10.00
  50.00  28.00   6.00   0.01  20.00
  50.00  28.00   6.00   0.05   1.00
  50.00  28.00   6.00   0.05   5.00
  50.00  28.00   6.00   0.05  10.00
  50.00  28.00   6.00   0.05  20.00
  50.00  28.00   6.00   0.10   1.00
  50.00  28.00   6.00   0.10   5.00
  50.00  28.00   6.00   0.10  10.00
  50.00  28.00   6.00   0.10  20.00
  50.00  28.00   6.00   0.20   1.00
  50.00  28.00   6.00   0.20   5.00
  50.00  28.00   6.00   0.20  10.00
  50.00  28.00   6.00   0.20  20.00
  50.00  45.00   5.00   0.01   1.00
  50.00  45.00   5.00   0.01   5.00
  50.00  45.00   5.00   0.01  10.00
  50.00  45.00   5.00   0.01  20.00
  50.00  45.00   5.00   0.05   1.00
  50.00  45.00   5.00   0.05   5.00
  50.00  45.00   5.00   0.05  10.00
  50.00  45.00   5.00   0.05  20.00
  50.00  45.00   5.00   0.10   1.00
  50.00  45.00   5.00   0.10   5.00
  50.00  45.00   5.00   0.10  10.00
  50.00  45.00   5.00   0.10  20.00
  50.00  45.00   5.00   0.20   1.00
  50.00  45.00   5.00   0.20   5.00
  50.00  45.00   5.00   0.20  10.00
  50.00  45.00   5.00   0.20  20.00
  50.00  45.00   6.00   0.01   1.00
  50.00  45.00   6.00   0.01   5.00
  50.00  45.00   6.00   0.01  10.00
  50.00  45.00   6.00   0.01  20.00
  50.00  45.00   6.00   0.05   1.00
  50.00  45.00   6.00   0.05   5.00
  50.00  45.00   6.00   0.05  10.00
  50.00  45.00   6.00   0.05  20.00
  50.00  45.00   6.00   0.10   1.00
  50.00  45.00   6.00   0.10   5.00
  50.00  45.00   6.00   0.10  10.00
  50.00  45.00   6.00   0.10  20.00
  50.00  45.00   6.00   0.20   1.00
  50.00  45.00   6.00   0.20   5.00
  50.00  45.00   6.00   0.20  10.00
  50.00  45.00   6.00   0.20  20.00
  50.00  56.00   5.00   0.01   1.00
  50.00  56.00   5.00   0.01   5.00
  50.00  56.00   5.00   0.01  10.00
  50.00  56.00   5.00   0.01  20.00
  50.00  56.00   5.00   0.05   1.00
  50.00  56.00   5.00   0.05   5.00
  50.00  56.00   5.00   0.05  10.00
  50.00  56.00   5.00   0.05  20.00
  50.00  56.00   5.00   0.10   1.00
  50.00  56.00   5.00   0.10   5.00
  50.00  56.00   5.00   0.10  10.00
  50.00  56.00   5.00   0.10  20.00
  50.00  56.00   5.00   0.20   1.00
  50.00  56.00   5.00   0.20   5.00
  50.00  56.00   5.00   0.20  10.00
  50.00  56.00   5.00   0.20  20.00
  50.00  56.00   6.00   0.01   1.00
  50.00  56.00   6.00   0.01   5.00
  50.00  56.00   6.00   0.01  10.00
  50.00  56.00   6.00   0.01  20.00
  50.00  56.00   6.00   0.05   1.00
  50.00  56.00   6.00   0.05   5.00
  50.00  56.00   6.00   0.05  10.00
  50.00  56.00   6.00   0.05  20.00
  50.00  56.00   6.00   0.10   1.00
  50.00  56.00   6.00   0.10   5.00
  50.00  56.00   6.00   0.10  10.00
  50.00  56.00   6.00   0.10  20.00
  50.00  56.00   6.00   0.20   1.00
  50.00  56.00   6.00   0.20   5.00
  50.00  56.00   6.00   0.20  10.00
  50.00  56.00   6.00   0.20  20.00
  50.00  84.00   5.00   0.01   1.00
  50.00  84.00   5.00   0.01   5.00
  50.00  84.00   5.00   0.01  10.00
  50.00  84.00   5.00   0.01  20.00
  50.00  84.00   5.00   0.05   1.00
  50.00  84.00   5.00   0.05   5.00
  50.00  84.00   5.00   0.05  10.00
  50.00  84.00   5.00   0.05  20.00
  50.00  84.00   5.00   0.10   1.00
  50.00  84.00   5.00   0.10   5.00
  50.00  84.00   5.00   0.10  10.00
  50.00  84.00   5.00   0.10  20.00
  50.00  84.00   5.00   0.20   1.00
  50.00  84.00   5.00   0.20   5.00
  50.00  84.00   5.00   0.20  10.00
  50.00  84.00   5.00   0.20  20.00
  50.00  84.00   6.00   0.01   1.00
  50.00  84.00   6.00   0.01   5.00
  50.00  84.00   6.00   0.01  10.00
  50.00  84.00   6.00   0.01  20.00
  50.00  84.00   6.00   0.05   1.00
  50.00  84.00   6.00   0.05   5.00
  50.00  84.00   6.00   0.05  10.00
  50.00  84.00   6.00   0.05  20.00
  50.00  84.00   6.00   0.10   1.00
  50.00  84.00   6.00   0.10   5.00
  50.00  84.00   6.00   0.10  10.00
  50.00  84.00   6.00   0.10  20.00
  50.00  84.00   6.00   0.20   1.00
  50.00  84.00   6.00   0.20   5.00
  50.00  84.00   6.00   0.20  10.00
  50.00  84.00   6.00   0.20  20.00
  50.00 100.00   5.00   0.01   1.00
  50.00 100.00   5.00   0.01   5.00
  50.00 100.00   5.00   0.01  10.00
  50.00 100.00   5.00   0.01  20.00
  50.00 100.00   5.00   0.05   1.00
  50.00 100.00   5.00   0.05   5.00
  50.00 100.00   5.00   0.05  10.00
  50.00 100.00   5.00   0.05  20.00
  50.00 100.00   5.00   0.10   1.00
  50.00 100.00   5.00   0.10   5.00
  50.00 100.00   5.00   0.10  10.00
  50.00 100.00   5.00   0.10  20.00
  50.00 100.00   5.00   0.20   1.00
  50.00 100.00   5.00   0.20   5.00
  50.00 100.00   5.00   0.20  10.00
  50.00 100.00   5.00   0.20  20.00
  50.00 100.00   6.00   0.01   1.00
  50.00 100.00   6.00   0.01   5.00
  50.00 100.00   6.00   0.01  10.00
  50.00 100.00   6.00   0.01  20.00
  50.00 100.00   6.00   0.05   1.00
  50.00 100.00   6.00   0.05   5.00
  50.00 100.00   6.00   0.05  10.00
  50.00 100.00   6.00   0.05  20.00
  50.00 100.00   6.00   0.10   1.00
  50.00 100.00   6.00   0.10   5.00
  50.00 100.00   6.00   0.10  10.00
  50.00 100.00   6.00   0.10  20.00
  50.00 100.00   6.00   0.20   1.00
  50.00 100.00   6.00   0.20   5.00
  50.00 100.00   6.00   0.20  10.00
  50.00 100.00   6.00   0.20  20.00
