07    07    05    00.20    0500
07    14    06    00.10    1000
07    21    05    00.05    2000
07    28    06    00.01    5000
14    07    06    00.10    2000
14    14    05    00.20    5000
14    21    06    00.01    0500
14    28    05    00.05    1000
21    07    06    00.05    5000
21    14    05    00.01    2000
21    21    06    00.20    1000
21    28    05    00.10    0500
28    07    05    00.01    1000
28    14    06    00.05    0500
28    21    05    00.10    5000
28    28    06    00.20    2000
07    35    05    00.20    0500
07    42    06    00.10    1000
07    49    05    00.05    2000
07    56    06    00.01    5000
14    35    06    00.10    2000
14    42    05    00.20    5000
14    49    06    00.01    0500
14    56    05    00.05    1000
21    35    06    00.05    5000
21    42    05    00.01    2000
21    49    06    00.20    1000
21    56    05    00.10    0500
28    35    05    00.01    1000
28    42    06    00.05    0500
28    49    05    00.10    5000
28    56    06    00.20    2000
