0.900000
0.900000
0.900000
0.900000
0.900000
0.900000
1.096104
1.203729
1.262794
1.295210
1.313000
1.138343
0.820461
0.568278
0.400978
0.296526
0.283133
0.649691
0.945407
0.942799
0.823722
0.698241
0.789518
1.043041
1.092634
1.212425
1.301981
1.335713
1.246405
1.008026
0.759389
0.513851
0.353388
0.265904
0.417024
0.825623
1.002973
0.928798
0.776776
0.714782
0.947514
1.041850
1.067147
1.217357
1.295752
1.336296
1.131782
0.995332
0.760041
0.515785
0.350280
0.326877
0.532917
0.890491
1.038981
0.948392
0.806551
0.826760
1.055592
1.027423
1.012428
1.177673
1.297598
1.235090
1.013456
1.007524
0.836216
0.571315
0.395615
0.514973
0.720609
0.942402
1.112617
1.027533
0.952329
1.089940
1.226089
1.016751
0.869929
0.980665
0.957822
0.703359
0.627733
0.924202
1.077542
1.051050
1.198904
1.215540
1.286995
1.097590
0.951438
0.760295
0.553917
0.411171
0.383730
0.655402
0.975890
1.101096
1.032625
0.903203
0.962764
1.134035
0.954034
0.842998
0.981376
1.125227
0.938421
0.881611
1.103506
1.195329
0.974036
0.902748
1.122701
1.055297
0.756817
0.718009
0.999201
0.945950
0.762268
0.993866
1.154816
1.220327
1.103138
1.239191
1.280069
0.995240
0.683958
0.602669
0.510528
0.369024
0.446442
0.857187
1.022794
1.069665
0.974218
0.871585
1.056650
1.089384
0.940508
0.918955
1.095594
1.119546
0.888469
0.921032
1.098082
1.032561
0.781779
0.899179
1.114318
1.017881
0.846366
1.051257
1.219668
1.061991
0.875980
1.066879
1.118003
0.820663
0.645456
0.905756
0.995439
0.777833
0.919569
1.108665
1.232088
1.134728
1.225111
1.310849
1.092748
0.777992
0.591294
0.511918
0.371990
0.353856
0.737104
0.982016
1.040135
0.962413
0.832901
0.940493
1.096338
1.008656
0.990697
1.150501
1.259633
1.045328
0.926048
0.991322
0.870336
0.609132
0.540781
0.820267
0.965984
1.061099
1.196243
1.140514
1.220338
1.239458
1.126620
0.824467
0.636013
0.535086
0.404056
0.384875
0.701708
0.995587
1.072942
1.001570
0.892926
0.960086
1.105366
0.965816
0.903102
1.044889
1.171219
0.972295
0.919794
1.089793
1.096456
0.839035
0.777356
1.012973
0.982122
0.785323
0.929486
1.153201
1.197188
1.057243
1.193495
1.291084
1.049063
0.720677
0.668947
0.616502
0.443911
0.424225
0.823907
1.042509
1.158945
1.105143
0.969072
1.085735
1.106712
0.861223
0.687503
0.781628
0.869503
0.709252
0.866309
1.107427
1.229687
1.305435
1.355781
1.378507
1.174321
0.824770
0.544034
0.361202
0.250816
0.224867
0.592029
0.903352
0.889953
0.755596
0.614920
0.686900
0.999143
1.135212
1.265839
1.289198
1.261648
1.277010
1.015810
0.702628
0.470084
0.356718
0.279875
0.383576
0.813716
0.952891
0.883957
0.767055
0.696203
0.924981
1.080666
1.166489
1.284623
1.327110
1.357668
1.136022
0.869061
0.600883
0.402356
0.279984
0.271612
0.609955
0.945788
0.955350
0.822829
0.682936
0.759730
1.025814
1.065561
1.190450
1.284959
1.314567
1.264990
1.055246
0.820418
0.559169
0.387696
0.284429
0.378282
0.747169
0.996276
0.959840
0.818437
0.731092
0.904012
1.056404
1.046859
1.181256
1.289170
1.346487
1.150884
1.005670
0.813475
0.558938
0.374987
0.318924
0.518255
0.855169
1.054961
0.986498
0.834625
0.830562
1.049000
1.032576
0.960096
1.117212
1.264273
1.227566
0.994614
1.040971
0.959810
0.677328
0.464863
0.572875
0.749956
0.818250
1.069974
1.079263
1.033160
1.171302
1.289919
1.204574
0.944500
0.897412
0.769343
0.540815
0.389034
0.583582
0.914419
1.136488
1.192180
1.054508
0.992006
1.161916
1.016063
0.720664
0.639800
0.807823
0.746718
0.668457
0.972204
1.111891
1.234128
1.326336
1.323243
1.332554
1.072701
0.768730
0.507883
0.344027
0.250850
0.302811
0.726021
0.947427
0.889321
0.749236
0.640109
0.815595
1.047556
1.140604
1.269242
1.295222
1.320635
1.215668
0.954905
0.664790
0.447963
0.325718
0.263992
0.472169
0.880412
0.965381
0.869350
0.731107
0.711514
0.983173
1.070859
1.162748
1.282634
1.317004
1.326672
1.093774
0.860199
0.595684
0.404114
0.284010
0.317624
0.667658
0.974935
0.970100
0.833139
0.709407
0.827329
1.046774
1.042704
1.165712
1.278207
1.335735
1.215143
1.041926
0.851870
0.588936
0.399116
0.301490
0.434202
0.762842
1.023259
0.992800
0.845022
0.783707
0.962662
1.063447
0.992460
1.121215
1.265374
1.312847
1.073387
1.015684
0.921259
0.653907
0.435190
0.417292
0.636572
0.824618
1.077916
1.064741
0.941285
1.001452
1.174762
1.119169
0.905285
0.959634
1.052643
0.866930
0.644646
0.822239
1.036300
0.970353
1.023908
1.179383
1.260714
1.199088
1.080555
1.098007
0.845328
0.600764
0.435710
0.499925
0.547523
0.786935
1.039953
1.018033
0.969961
1.012588
1.125039
1.129868
0.993258
1.028217
1.030280
0.910439
0.690264
0.755325
0.856724
0.851881
0.951403
1.154031
1.248162
1.330479
1.369072
1.359069
1.071038
0.735294
0.484406
0.322616
0.226789
0.272605
0.726141
0.925416
0.858991
0.710617
0.593349
0.782668
1.043368
1.170767
1.284873
1.272246
1.280621
1.218156
0.931156
0.629397
0.431480
0.338182
0.277771
0.494422
0.889199
0.947171
0.859342
0.739831
0.728513
1.001552
1.095719
1.196168
1.302818
1.336012
1.322265
1.060521
0.796855
0.541756
0.365722
0.258659
0.327957
0.736199
0.978095
0.931719
0.783456
0.673171
0.849210
1.043026
1.079767
1.221290
1.288771
1.334187
1.199532
1.009158
0.758781
0.514374
0.357838
0.287205
0.453683
0.842202
1.010837
0.936581
0.789922
0.754462
0.984756
1.046266
1.056972
1.207592
1.303626
1.322008
1.091872
0.981630
0.767325
0.521118
0.350898
0.363159
0.599705
0.930979
1.066861
0.964945
0.829629
0.891978
1.103958
0.997427
0.957511
1.135617
1.264436
1.116173
0.949153
1.052476
0.941481
0.656187
0.501175
0.737510
0.847124
0.877072
1.103732
1.097881
1.146302
1.273890
1.342802
1.161387
0.890840
0.759629
0.549890
0.373860
0.303806
0.618443
0.983476
1.111612
1.014268
0.843845
0.862744
1.070550
0.903056
0.821939
1.018604
1.207813
1.110438
1.068448
1.229680
1.241899
0.918676
0.669425
0.726370
0.597750
0.428745
0.564878
0.933780
1.124186
1.209693
1.112459
1.020512
1.169520
1.018033
0.724915
0.584520
0.693536
0.654719
0.620013
0.942395
1.077111
1.153935
1.246179
1.228090
1.286601
1.094342
0.859170
0.612256
0.453653
0.351202
0.357208
0.694397
0.995156
1.010251
0.913451
0.801360
0.905625
1.074327
1.005907
1.065755
1.221566
1.312503
1.117628
1.001434
0.956606
0.733920
0.494166
0.406846
0.614792
0.811041
1.064926
1.117040
0.993800
1.004920
1.173239
1.158050
0.886406
0.845319
0.951879
0.813154
0.594831
0.767850
1.066230
1.167867
1.233791
1.271436
1.271382
1.213086
0.885863
0.646408
0.450457
0.352421
0.286892
0.555054
0.930726
0.988968
0.896194
0.770652
0.774200
1.033837
1.045865
1.118210
1.255669
1.327330
1.271645
1.058160
0.900943
0.653215
0.439265
0.308182
0.394040
0.701653
1.012996
1.031845
0.889436
0.786670
0.924406
1.075790
0.960769
1.042368
1.218040
1.303921
1.092275
1.033695
1.045134
0.793991
0.529465
0.446912
0.636472
0.696391