        44
        59
        50
        56
        55
        48
        41
        33
        41
        47
        70
        86
        98
       110
       129
       142
       153
       163
       165
       160
       148
       107
        49
        14
        20
        78
        69
        64
        61
        53
        50
        47
        40
        47
        75
        95
       109
       134
       138
       144
       163
       164
       153
       148
       140
       103
        18
         5
         4
        61
        68
        81
        83
        76
        66
        53
        39
        51
        73
        86
       109
       138
       145
       151
       171
       161
       156
       147
       138
       108
       115
       109
        82
        86
        66
        50
         8
        34
        18
         6
        19
        45
        55
        72
       104
       139
       131
       116
        90
        85
        81
        80
        76
        73
        69
        59
        49
        46
        50
        54
        57
        52
        49
        41
        50
        60
        67
        72
        78
        86
        87
        89
        92
        97
       102
       104
       101
        83
        62
        63
        41
        51
        57
        54
        55
        52
        45
        42
        49
        51
        67
        83
        88
        93
       101
       102
        98
        97
        98
        96
        80
        67
        40
        48
        41
        45
        57
        57
        43
        43
        50
        36
        38
        58
        63
        83
        93
        96
       100
       103
       103
       106
       115
       113
       104
        67
        41
        45
        56
        31
        48
        46
        41
        40
        17
         6
        18
        25
        51
        79
        98
       107
       120
       135
       140
       146
       142
       144
       137
        85
        44
        23
         6
        26
        45
        48
        55
        48
        34
        34
        37
        40
        77
        91
       108
       115
       119
       133
       138
       110
       107
       105
        83
        59
        48
        46
        49
        53
        56
        53
        54
        52
        54
        48
        52
        57
        67
        74
        81
        98
       106
       107
       107
       106
       105
       104
        96
        83
        82
        76
        77
        69
        71
        71
        77
        59
        59
        53
        50
        62
        79
        82
        93
       103
       111
       111
       107
       107
       111
       108
       101
        76
        37
        58
        53
        53
        63
        43
        42
        58
        53
        36
        27
        35
        63
        98
       108
       118
       129
       138
       145
       149
       144
       144
       135
        89
        31
        59
        86
        73
        36
        26
        32
        29
        20
        28
        30
        30
        54
        87
       107
       126
       146
       149
       133
       125
       126
       119
       112
        78
        65
        64
        72
        87
        91
        91
        83
        68
        62
        56
        54
        68
        75
        93
       106
       119
       116
       114
       108
       101
       100
       103
       100
        66
        55
        57
        80
        79
        80
        68
        65
        48
        41
        36
        46
        61
        72
        94
       104
       107
       118
       115
       113
       114
       116
       114
       110
       103
        97
       102
        86
        63
        43
        66
        73
        54
        37
        25
        23
        50
        51
        85
       119
       119
       115
       112
       113
       107
       107
       104
       105
        97
        87
        90
        78
        71
        56
        22
        44
        31
        20
         9
        25
        20
        37
        82
       106
       112
       117
       116
       114
       115
       120
       113
       102
        96
        85
        67
        50
        37
         7
        15
        16
         6
         6
         6
        15
        28
        55
        67
        72
        83
       109
       134
       131
       130
       122
       115
       107
        87
        79
        87
        76
        43
        50
        74
        50
        19
        20
        50
        37
        22
        37
        84
        94
        93
        97
       106
       107
       106
       108
       107
       100
        84
        69
        63
        50
        46
        46
        44
        38
        38
        27
        23
        28
        42
        56
        67
        81
        98
       109
       105
       110
       116
       119
       120
       113
        94
        85
        77
        55
        56
        62
        61
        56
        58
        50
        51
        50
        52
        58
        62
        75
        92
       105
       120
       133
       141
       141
       137
       122
        95
        38
        67
        61
        63
        60
        40
        60
        57
        47
        37
        37
        53
        45
        67
        81
       102
       119
       134
       135
       133
       125
       120
        92
        38
        22
         9
         8
         6
         7
        23
        43
        27
        42
        43
        40
        40
        56
        76
        96
       104
       110
       122
       124
       121
       124
       114
        95
        38
        34
        58
        58
        68
        76
        79
        77
        63
        42
        15
        10
        31
        62
        88
       101
       107
       113
       112
       114
       118
       122
       117
        99
        57
        43
        34
        50
        84
        83
        78
        26
        50
        30
        14
        31
        50
        69
        95
       104
       109
       115
       123
       127
       126
       120
       111
        87
        36
        34
        48
        78
        90
        92
        75
        54
        53
        51
        43
        36
        57
        74
        92
        94
       121
       132
       138
       138
       130
       133
       118
        91
        44
        55
        69
        55
        70
        70
        36
        27
        20
        32
        38
        43
        51
        60
       102
       108
       121
       126
       129
       127
       112
       109
       106
        98
        77
        57
        50
        36
        43
        13
         6
         6
         6
        28
        38
        51
        44
        40
        66
        92
       115
       117
       121
       124
       129
       127
       119
       112
        93
        88
        96
        92
        82
        62
        52
        62
        64
        61
        13
        21
        46
        73
        85
       107
       120
       135
       154
       166
       158
       122
       115
        99
        85
        76
        49
        51
        54
        60
        60
        49
        49
        51
        46
        49
        51
        51
        47
        75
       101
       119
       130
       138
       153
       146
       135
       101
        21
         5
        11
        64
        43
        68
        55
        58
        55
        34
         9
        16
        37
        58
        74
        90
       113
       125
       132
       136
       138
       142
       134
       104
        26
        11
        19
