        31
         5
        10
         2
         1
         6
        11
        21
        15
        13
         6
        10
        13
         8
         5
         5
         8
         6
         6
         7
         8
        23
        76
        99
        89
        15
         6
         5
         8
        12
        14
        18
        29
        27
        11
         9
        15
        10
         7
         8
         6
         5
         5
         7
         8
        27
        90
       120
       115
        46
        23
         7
         4
         9
        13
        25
        41
        40
        18
        19
        18
        22
        19
         9
         6
         5
         7
         8
        13
        30
        20
        20
        32
        25
        28
        31
        80
        44
        55
        71
        62
        51
        56
        55
        61
         7
         5
         4
         2
         3
         1
         1
         2
         3
         2
         5
         7
         8
         8
         6
         1
         1
         4
        12
         7
         2
         1
         1
         1
         2
         2
         1
         3
         3
         2
         2
         5
        11
        17
         9
        23
        11
         4
         5
         1
         3
         9
        13
        10
        19
         9
         2
         2
         5
         3
         3
         4
         4
         3
         2
         3
         9
        28
        16
        24
        20
         8
         6
        19
        17
        10
        24
        25
         9
        10
         3
         2
         3
         1
         1
         1
         1
         1
         1
         3
        22
        46
        34
        16
        35
        11
        13
        17
        16
        34
        46
        41
        48
        26
        14
         9
         9
        10
         7
         6
         7
         6
         6
         6
        28
        62
        73
        89
        61
        28
        22
        16
        19
        33
        28
        25
        35
        12
        11
         4
         6
         6
         8
         7
         4
         8
         6
         6
        14
        14
        14
        11
         7
         5
         7
         6
         8
         7
        13
         8
         7
         3
         1
         2
         1
         1
         1
         1
         1
         1
         1
         3
         6
         5
         6
         6
        10
         8
         8
         2
        18
        17
        21
        26
        15
         4
         6
         5
         4
         3
         3
         5
         6
         4
         4
         5
        12
        40
        15
        16
         9
         4
        23
        22
         6
         9
        23
        29
        34
        19
         3
         4
         2
         2
         3
         3
         4
         3
         4
         5
        24
        72
        39
        11
        13
        40
        45
        31
        30
        41
        42
        42
        52
        36
        17
         7
         4
         2
         2
         1
         1
         1
         1
         3
        24
        19
        18
        12
         5
         2
         1
         2
        10
        10
        13
        16
         8
        16
        10
         7
         2
         1
         1
         1
         1
         1
         1
         4
        21
        25
        26
         5
         2
         1
         3
         8
        16
        16
        19
        12
        10
        12
         3
         2
         1
         2
         1
         1
         1
         2
         4
         6
        12
        15
        12
        20
        28
        33
        11
         3
        16
        25
        40
        41
        19
        27
        22
         8
         3
         2
         2
         2
         3
         2
         4
         7
        11
        16
        13
        16
        19
        27
        50
        26
        30
        39
        46
        37
        56
        65
        26
        10
        10
         6
         7
         6
         8
         5
         7
        14
        12
        15
        17
        20
        30
        62
        49
        38
        47
        45
        46
        43
        42
        24
        19
        19
         2
        16
         6
         4
         4
         5
         6
         9
        21
        23
        17
        18
        33
        30
        13
        18
        37
        40
        22
        34
        56
        57
        10
         6
         4
         3
         3
         3
         4
         4
         6
         8
         9
         5
         5
         8
         5
         4
         3
         3
         3
         8
        13
         9
         4
         2
         1
         1
         2
         1
         2
         1
         1
         2
         3
         4
        12
         9
         4
        11
         6
         3
         5
         9
         7
        13
        10
        13
        12
         9
        10
         4
         1
         1
         1
         1
         2
         2
         2
         3
        12
        60
        18
        15
         7
         5
        23
         2
         4
        10
        18
        21
        12
        22
         7
         5
         3
         2
         3
         3
         2
         3
         3
         7
        54
        59
        73
        67
        67
        64
        45
        16
        31
        18
        21
        28
        35
        23
        15
         8
         2
         1
         2
         2
         1
         1
         1
        10
        57
        47
        21
        17
         5
         2
         1
         1
         6
        19
        41
        46
        38
        22
         9
         3
         1
         1
         1
         1
         1
         1
         2
        11
        34
        43
        43
        35
         7
         4
         6
        38
        14
        32
        43
        28
        18
        19
         7
         6
         4
         3
         2
         1
         2
         3
         4
        14
        49
        48
        36
        14
         3
         1
         3
        16
        13
        14
        20
        27
        17
        16
        10
        17
         5
         4
         7
        11
         8
         7
        10
        16
        43
        40
        20
        27
        14
         8
        27
        31
        37
        22
        19
        16
        18
        26
         5
         4
         4
         2
         2
         1
         2
         2
         5
         9
        20
        31
        33
        45
        30
        53
        64
        61
        53
        31
        19
         9
        23
        35
        23
        14
         2
         2
         1
         1
         1
         2
         5
         9
        18
        19
        10
        10
         9
        25
        27
        14
         7
        10
        54
        47
        25
         6
         6
         1
         5
         9
         6
         4
         6
         6
        10
        14
         5
         5
        18
        12
         8
         2
         3
        12
        12
         9
        14
        11
         9
         8
        18
         8
         3
         6
         8
         7
         6
         6
         7
        22
        71
        84
        87
        27
        32
         2
         9
         3
         7
        24
        43
        42
        28
        16
        10
         9
         4
         4
         3
         5
         2
         4
         6
        18
        80
        81
        73
