        26
        18
        23
        22
         7
        10
        10
        10
        15
        19
        21
        21
        19
        21
        12
        22
        13
        10
        14
        19
        30
        45
        29
        16
        27
        24
        21
        16
        17
        15
        16
        19
        24
        26
        24
        26
        25
        19
        21
        14
        19
        12
        14
        23
        28
        27
        35
        38
        30
        24
        18
        17
        17
        18
        13
        15
        16
        28
        23
        20
        24
        23
        19
        18
        16
        13
        17
        21
        35
        43
        42
        33
        21
        21
        20
        13
         9
        15
        13
        12
        14
        14
         9
         8
        14
        18
         9
        15
        16
        10
        12
        11
        10
         5
         8
         4
         5
         7
         8
         8
         5
         6
         5
         7
         6
         7
         9
         7
         3
         4
         5
         2
         5
         1
         3
         4
         6
         7
         7
         6
         4
         4
         5
         3
         2
         1
         2
         2
         1
         1
         2
         3
         2
         3
         2
         4
         1
         2
         3
         5
         3
         5
         6
         5
         1
         1
         2
         1
         1
         1
         2
         4
         6
        12
        13
        11
         8
         0
         0
         0
         1
         4
         4
         5
         5
         3
         7
         5
         1
         8
         5
         3
         6
         8
        10
         7
        10
         8
         6
         4
         6
         4
         3
         5
         6
         4
         7
         7
         7
         6
         3
         6
        10
        13
         6
         5
         7
         5
         6
         5
         5
         5
         6
         8
         8
         7
         3
         8
         7
         8
         8
         4
         6
        10
        11
        11
        10
        14
        17
        20
        11
         9
         8
        14
        17
        20
        25
        22
        18
        11
         8
        12
        10
         5
        10
        13
        14
        17
        27
        40
        23
        13
        13
        10
        11
        11
        10
        13
        20
        30
        26
        31
        24
        23
        34
        33
        25
        16
        14
        19
         0
         0
         0
         0
         0
         0
         0
         0
         0
         0
         0
         0
         0
         1
         1
         6
        16
        17
        18
        20
        20
        24
        22
        21
        28
        28
        25
        34
        38
        25
        23
        23
        29
        28
        23
        22
        21
        26
        22
        11
        12
         6
         6
        13
         2
         6
         1
         6
         8
         8
         6
         3
         3
         3
         2
         3
         1
         3
         5
         4
        11
        19
        11
         2
         3
         2
         8
         5
         9
         5
         7
         8
         8
         6
         3
         4
         1
         1
         3
         4
         1
         4
         3
         4
         8
        10
         8
         8
         9
         7
         6
         8
         4
         7
         9
        20
        26
        29
        28
        28
        27
        14
        10
         7
         6
         5
         3
         7
        13
        23
        23
        22
        10
        11
        11
         8
        19
        14
        13
        22
        17
        23
        38
        33
        24
        19
        16
        17
        15
        14
        12
        15
        19
        32
        37
        36
        38
        29
        28
        22
        22
        22
        14
        18
        41
        46
        31
        28
        30
        24
        25
        22
        19
        15
        13
        16
        20
        30
        30
        33
        40
        45
        39
        36
        27
        26
        36
        27
        31
        16
        17
        13
        16
        24
        28
        32
        39
        30
        23
        24
        22
        24
        30
        37
        35
        23
        19
        29
        19
        10
        13
        15
        15
        15
        12
         8
        10
         8
         8
         8
         8
        12
         9
         7
         6
         5
         7
         8
        10
        11
        11
        10
         7
         9
         4
        11
         5
         1
         5
         6
         1
         1
         1
         3
         1
         1
         1
         4
         7
         5
         8
         2
         3
         3
         0
         0
         1
         1
         4
        10
         7
         5
         9
        11
        10
        14
        12
        11
         9
         7
        10
        13
        15
        15
        16
        12
        13
         7
         7
         7
         9
        10
         8
         5
         4
         1
         7
         5
         2
         7
         7
         2
         4
         5
         3
        11
         4
         5
         6
         5
         5
         7
         8
         6
        12
        14
         7
         9
         8
         7
        12
        17
        16
        19
        13
         9
         8
         8
         9
         9
        14
        11
        11
        10
        10
        10
        10
         9
         6
         8
         8
         8
         5
         6
         6
         8
         7
         4
         3
         4
         6
         5
         6
         8
        12
        13
        16
        20
        18
        15
         7
         5
         6
         5
         7
         6
         8
        10
         9
         6
         4
         8
         5
         3
         3
         4
         3
         7
         5
         7
         5
         7
         9
        11
         7
         6
         3
         5
         4
        12
        13
        15
        13
        15
        10
         5
         6
         2
         3
         2
         2
         1
         4
         2
         1
         3
         3
         5
         8
         9
        13
         0
         0
         0
         0
         0
         0
         0
         0
         0
         0
         0
         0
         0
         0
         1
         1
         2
         9
         4
         5
         8
         4
         5
         1
         5
         8
        11
        18
        30
        38
        30
        21
        16
        11
         7
         4
         7
         4
         6
         9
         9
        10
        12
        13
        15
        11
        11
        12
        12
        10
        12
        13
        12
        11
        10
         5
         7
         9
         5
         5
         5
         6
         8
        10
        13
         8
         7
        11
         9
         7
         9
         9
         8
         6
         4
         7
         4
         6
         2
