        15
        14
        14
         8
         1
         3
         5
         2
         7
         4
        19
        20
        19
        13
        13
        18
        19
        25
        22
        19
        10
        11
         9
         4
        15
         8
        21
         8
        19
        13
        14
         3
         4
        14
        13
        12
        13
        18
        25
        11
        21
        24
        21
        15
         9
         8
        14
        25
        33
        21
        12
        12
         4
         6
         2
         4
         7
         5
         4
        26
        16
        22
        26
        23
        31
        33
        21
        14
        13
         5
         9
        13
        17
         5
        12
         9
         1
         3
         9
         9
         8
        11
        12
         4
        12
        15
        15
        15
        17
        14
        13
         8
        11
         8
         7
        10
        16
        10
        18
        17
        11
         2
         4
        15
         5
        19
        20
         8
         3
         4
        11
        12
        13
        13
        11
        10
         7
         6
         6
        10
         2
        17
         2
         1
         3
         4
         6
         2
         4
         6
         7
         9
         9
         3
         4
         3
         4
         6
        13
         7
         2
         8
         7
         9
        12
         9
         7
         8
         2
        19
         2
         1
         5
        29
        11
         2
         7
        10
        16
        15
        12
        17
        17
        11
         8
        10
        13
        14
         2
         4
         3
         3
         1
         5
         5
         6
         5
         7
        13
         5
         4
        13
        17
        19
        22
        22
        21
        14
        14
        13
         8
        11
         9
         7
         4
         5
        10
         6
         3
         2
         9
         5
         1
         3
         4
        13
        11
        14
        13
        18
        16
        13
         8
         8
         7
        12
         4
         1
         2
         5
         3
        12
         8
         6
         1
         2
         4
         4
        19
         7
         1
         1
         1
         7
        14
        10
         9
         5
         4
         7
         2
         6
        14
         1
         2
         1
         2
         1
         1
         1
         2
         8
         9
         4
         6
        10
         9
         9
         8
         2
         4
         5
         8
        13
         7
         2
        10
        24
        17
         2
        12
         5
         7
        12
        12
        13
         9
         6
        17
        16
        18
        24
        21
        12
         5
         7
         4
         8
        15
        14
         7
         6
         6
         8
         9
         6
         7
         4
        14
        19
         9
        13
        21
        19
        19
        16
        19
        15
        15
        10
         6
         1
         1
         5
         2
         2
         5
         4
         6
         4
        10
         6
        11
        27
         5
        12
        10
        15
        16
        12
        18
         9
         4
         7
         5
         3
         5
         1
         3
         5
         9
         7
         6
         6
         3
         3
         1
         6
        21
        13
        16
        18
        22
        28
        18
        14
        19
        20
        15
        14
        15
        21
        20
        26
        15
        13
         8
        12
        14
        14
        15
        14
        20
        24
        29
        34
        32
        30
        30
        26
        22
        23
        25
        27
        19
        22
        33
        22
        19
        16
         9
        11
        18
        27
        15
        15
         2
        13
        12
        12
        17
        11
        10
        12
        10
        15
        21
        16
         7
         1
         7
         9
         4
         3
         8
         5
        11
        15
        20
        22
        12
        18
        18
        17
        21
        19
        18
        11
        10
         8
        12
         6
         5
         3
         6
         3
         7
         3
         7
         8
         9
        18
        17
        18
         2
         9
        12
        22
        25
        25
        20
        15
        14
        16
        11
        10
         1
         3
         4
         6
        10
         1
         1
        14
        12
         5
        15
         8
        12
        19
        19
        18
        22
        18
        12
        12
         5
         4
         3
         8
         3
        10
        12
         4
         9
         8
         3
         5
         3
         5
         5
         7
        15
        16
        19
        24
        34
        19
        16
        12
        10
        11
        15
        19
        18
         2
         1
         6
         5
         5
         4
         6
         7
        13
         2
         9
         5
        18
        25
        28
        26
        27
        20
        15
        12
        10
        18
        20
        16
        23
        19
        12
         7
         1
        13
        36
        26
        20
        21
        11
        12
        12
        17
        22
        27
        29
        22
        14
         9
        10
         9
        10
         9
         1
         2
         1
         1
         1
         3
         7
         3
         9
         7
         6
        19
        12
        13
        16
        17
        13
        16
         8
         4
         2
         4
         1
         1
         3
         5
         5
         5
         4
         6
         3
        28
         1
         8
         9
         2
         6
         3
         8
         6
         9
        10
         5
         2
         5
         7
         4
         8
         9
         7
         5
         4
         5
         7
         4
        12
         8
        17
         2
        17
        16
        12
        18
        19
        10
        17
        13
         6
        13
        19
        13
         8
         9
         9
        21
        27
        12
        10
        10
        10
        10
        30
        19
        15
        14
        23
        30
        37
        35
        23
        19
        16
        25
        28
        31
        27
        34
        16
        11
        16
        28
        20
        24
        26
        24
        34
        34
        34
        32
        35
        34
        28
        24
        24
        23
        20
        18
        17
        12
         8
        16
        27
        22
        19
        22
         8
        19
        15
        14
         7
        26
        24
        24
        23
        26
        30
        28
        11
         8
         6
        14
        15
         4
         3
         4
         1
         7
         7
         3
         2
         5
         3
         6
         5
         9
        10
        19
        25
        27
        27
        18
        16
        11
         5
        11
        12
        15
         9
        10
         7
        10
        19
         7
         8
         8
        13
        14
         7
        14
        26
        17
        19
        19
        29
        17
        17
        15
        16
        15
        10
        27
