        83
        82
        67
        63
        60
        56
        56
        50
        52
        42
        41
        45
        40
        36
        40
        31
        32
        48
       113
       168
       161
       107
        82
        91
        70
        61
        55
        52
        47
        45
        52
        66
        82
        93
        91
        92
        81
        64
        52
        49
        39
        85
       148
       169
       173
       181
       164
       104
        63
        56
        57
        49
        37
        37
        50
        68
        70
        98
        94
        77
        75
        59
        63
        56
        60
       138
       175
       204
       153
       112
       100
        84
        71
        64
        52
        47
        47
        43
        71
        87
        84
        95
        86
        73
        69
        61
        76
        68
        60
        75
        89
        84
        73
        54
        43
        40
        28
        22
        13
        15
         9
        10
        21
        50
        41
        28
        18
        20
        17
        18
        30
        34
        23
        41
        56
        65
        59
        43
        41
        28
        29
        29
        40
        48
        44
        37
        47
        33
        29
        25
        14
        16
        13
        14
        15
        12
        14
        26
        46
        52
        63
        73
        39
        30
        28
        14
        14
        19
         7
        20
        25
        46
        74
        61
        47
        40
        54
        48
        38
        31
        68
        77
        54
        54
        58
        80
        96
        59
        58
        60
        56
        63
        57
        56
        79
        67
        81
        80
        34
        21
        24
        25
        24
        23
        30
        43
        70
        66
        59
        45
        56
        59
        24
        27
         9
         8
         4
         4
         8
        16
        15
        15
        16
        18
        17
        19
        19
        19
        22
        28
        47
        38
        37
        54
        63
        86
        76
        68
        68
        51
        33
        38
        51
        69
        94
       102
       112
        94
        68
        57
        60
        54
        59
       106
       146
       161
       156
       169
       120
       107
        81
        59
        48
        47
        40
        45
        44
        84
        84
       111
       110
       112
       104
        82
        94
        99
        87
       116
       172
       202
       185
       148
       131
       113
       112
        79
        64
        49
        44
        43
        45
        59
        57
        61
        69
        71
        62
        65
        71
        74
        80
        91
        98
       115
       106
       100
        95
        98
        86
        78
        64
        70
        64
        55
        56
        55
        62
        53
        56
        49
        36
        31
        35
        34
        40
        66
       159
       121
        78
        61
        47
        28
        24
        18
        19
        19
        28
        36
        44
        52
       102
        94
        81
        62
        49
        50
        48
        54
        71
        95
       106
        91
        73
        64
        41
        34
        16
        12
        16
        23
        23
        39
        48
        84
       102
       110
        70
        61
        58
        65
        64
        69
        87
       105
       179
       158
       115
       138
       137
        79
        74
        58
        51
        38
        35
        48
        45
        81
       107
       117
       115
        86
        73
        80
        75
        67
        73
       111
       175
       182
       177
       202
       119
       112
        90
        64
        55
        56
        44
        52
        71
        80
       116
       124
       106
       113
       113
       109
       105
        87
        60
       110
       182
       226
       261
       243
       232
       217
       172
       120
        87
        50
        49
        48
        51
        80
       133
       112
        90
       118
       139
       123
        94
        69
        68
       123
       125
        85
        62
        61
        58
        53
        77
        69
        70
        72
        74
        47
        50
        63
        70
        66
        77
        82
        59
        54
        66
        43
        30
        48
        75
        87
        61
        45
        33
        28
        20
        14
        10
         8
        20
        17
        10
        30
        31
        37
        40
        42
        46
        58
        66
        66
        70
        79
        81
        88
        69
        53
        27
        15
        11
         9
         9
        17
        15
        15
        43
        67
        60
        40
        28
        31
        27
        24
        24
        20
        23
        40
        69
        74
        61
        70
        85
        76
        76
        66
        52
        53
        57
        45
        56
        51
        65
        94
       105
        88
        81
        80
        79
        82
        86
        95
       103
       103
       107
        97
        87
        64
        48
        35
        27
        23
        22
        25
        35
        53
        65
        72
        79
        65
        63
        71
        55
        65
        70
        80
        89
        83
        90
        90
        90
       104
        89
        59
        63
        68
        57
        74
       101
        93
       116
        87
        69
        58
        46
        37
        55
        46
        40
        64
        74
        63
        58
        68
        75
        53
        38
        40
        33
        40
        30
        34
        46
        78
        94
        90
        84
        81
        71
        77
        71
        82
        76
        99
       109
       100
       106
       104
        89
        66
        50
        46
        35
        29
        25
        26
        32
        57
        74
        85
        92
        97
        91
        75
        51
        54
        62
        92
       113
       112
       109
        93
        94
        72
        48
        37
        33
        22
        24
        23
        30
        29
        44
        42
        42
        49
        56
        75
        66
        90
        86
        89
       104
        93
        78
        72
        64
        52
        52
        42
        24
        20
        13
        20
        43
        67
        94
        78
        67
        56
        53
        55
        51
        62
        67
        95
       162
       188
       134
       134
       136
       108
        87
        63
        57
        51
        46
        46
        51
        69
       104
       110
       124
        89
        80
        78
        91
        96
       104
       132
       129
       135
       134
       108
        75
        54
        39
        29
        18
        12
        14
        27
        62
        94
       111
        88
        70
        56
        53
        46
        55
        45
        55
        67
        74
        79
        80
        63
        49
        39
