% nSim ->       8
%      nExp        nIn        hLS      trFcn         lr        trC
         1         14         12          5       0.10       1000
         2         14         12          6       0.10       1000
         3         14         24          5       0.10       1000
         4         14         24          6       0.10       1000
         5         28         24          5       0.10       1000
         6         28         24          6       0.10       1000
         7         28         48          5       0.10       1000
         8         28         48          6       0.10       1000
