  12.00   6.00   5.00   0.10   1.00
  12.00   6.00   5.00   0.10   5.00
  12.00   6.00   6.00   0.10   1.00
  12.00   6.00   6.00   0.10   5.00
  12.00  12.00   5.00   0.10   1.00
  12.00  12.00   5.00   0.10   5.00
  12.00  12.00   6.00   0.10   1.00
  12.00  12.00   6.00   0.10   5.00
  12.00  24.00   5.00   0.10   1.00
  12.00  24.00   5.00   0.10   5.00
  12.00  24.00   6.00   0.10   1.00
  12.00  24.00   6.00   0.10   5.00
  24.00   6.00   5.00   0.10   1.00
  24.00   6.00   5.00   0.10   5.00
  24.00   6.00   6.00   0.10   1.00
  24.00   6.00   6.00   0.10   5.00
  24.00  12.00   5.00   0.10   1.00
  24.00  12.00   5.00   0.10   5.00
  24.00  12.00   6.00   0.10   1.00
  24.00  12.00   6.00   0.10   5.00
  24.00  24.00   5.00   0.10   1.00
  24.00  24.00   5.00   0.10   5.00
  24.00  24.00   6.00   0.10   1.00
  24.00  24.00   6.00   0.10   5.00
