28    12    05    00.20    2000
28    12    05    00.10    3000
28    12    06    00.20    2000
28    12    06    00.10    3000
28    24    05    00.10    2000
28    24    05    00.10    3000
28    24    06    00.20    2000
28    24    06    00.10    3000
52    24    05    00.20    2000
52    24    05    00.10    3000
52    24    06    00.20    2000
52    24    06    00.10    3000
52    24    05    00.10    2000
52    24    05    00.10    3000
52    36    06    00.20    2000
52    36    06    00.10    3000