 28    7     5  0.20    500
 28    7     5  0.20   1000
 28    7     5  0.20   2000
 28    7     5  0.20   5000
 28    7     5  0.10    500
 28    7     5  0.10   1000
 28    7     5  0.10   2000
 28    7     5  0.10   5000
 28    7     5  0.05    500
 28    7     5  0.05   1000
 28    7     5  0.05   2000
 28    7     5  0.05   5000
 28    7     5  0.01    500
 28    7     5  0.01   1000
 28    7     5  0.01   2000
 28    7     5  0.01   5000
 28    7     6  0.20    500
 28    7     6  0.20   1000
 28    7     6  0.20   2000
 28    7     6  0.20   5000
 28    7     6  0.10    500
 28    7     6  0.10   1000
 28    7     6  0.10   2000
 28    7     6  0.10   5000
 28    7     6  0.05    500
 28    7     6  0.05   1000
 28    7     6  0.05   2000
 28    7     6  0.05   5000
 28    7     6  0.01    500
 28    7     6  0.01   1000
 28    7     6  0.01   2000
 28    7     6  0.01   5000
 28   14     5  0.20    500
 28   14     5  0.20   1000
 28   14     5  0.20   2000
 28   14     5  0.20   5000
 28   14     5  0.10    500
 28   14     5  0.10   1000
 28   14     5  0.10   2000
 28   14     5  0.10   5000
 28   14     5  0.05    500
 28   14     5  0.05   1000
 28   14     5  0.05   2000
 28   14     5  0.05   5000
 28   14     5  0.01    500
 28   14     5  0.01   1000
 28   14     5  0.01   2000
 28   14     5  0.01   5000
 28   14     6  0.20    500
 28   14     6  0.20   1000
 28   14     6  0.20   2000
 28   14     6  0.20   5000
 28   14     6  0.10    500
 28   14     6  0.10   1000
 28   14     6  0.10   2000
 28   14     6  0.10   5000
 28   14     6  0.05    500
 28   14     6  0.05   1000
 28   14     6  0.05   2000
 28   14     6  0.05   5000
 28   14     6  0.01    500
 28   14     6  0.01   1000
 28   14     6  0.01   2000
 28   14     6  0.01   5000
 28   21     5  0.20    500
 28   21     5  0.20   1000
 28   21     5  0.20   2000
 28   21     5  0.20   5000
 28   21     5  0.10    500
 28   21     5  0.10   1000
 28   21     5  0.10   2000
 28   21     5  0.10   5000
 28   21     5  0.05    500
 28   21     5  0.05   1000
 28   21     5  0.05   2000
 28   21     5  0.05   5000
 28   21     5  0.01    500
 28   21     5  0.01   1000
 28   21     5  0.01   2000
 28   21     5  0.01   5000
 28   21     6  0.20    500
 28   21     6  0.20   1000
 28   21     6  0.20   2000
 28   21     6  0.20   5000
 28   21     6  0.10    500
 28   21     6  0.10   1000
 28   21     6  0.10   2000
 28   21     6  0.10   5000
 28   21     6  0.05    500
 28   21     6  0.05   1000
 28   21     6  0.05   2000
 28   21     6  0.05   5000
 28   21     6  0.01    500
 28   21     6  0.01   1000
 28   21     6  0.01   2000
 28   21     6  0.01   5000
 28   28     5  0.20    500
 28   28     5  0.20   1000
 28   28     5  0.20   2000
 28   28     5  0.20   5000
 28   28     5  0.10    500
 28   28     5  0.10   1000
 28   28     5  0.10   2000
 28   28     5  0.10   5000
 28   28     5  0.05    500
 28   28     5  0.05   1000
 28   28     5  0.05   2000
 28   28     5  0.05   5000
 28   28     5  0.01    500
 28   28     5  0.01   1000
 28   28     5  0.01   2000
 28   28     5  0.01   5000
 28   28     6  0.20    500
 28   28     6  0.20   1000
 28   28     6  0.20   2000
 28   28     6  0.20   5000
 28   28     6  0.10    500
 28   28     6  0.10   1000
 28   28     6  0.10   2000
 28   28     6  0.10   5000
 28   28     6  0.05    500
 28   28     6  0.05   1000
 28   28     6  0.05   2000
 28   28     6  0.05   5000
 28   28     6  0.01    500
 28   28     6  0.01   1000
 28   28     6  0.01   2000
 28   28     6  0.01   5000
 28   35     5  0.20    500
 28   35     5  0.20   1000
 28   35     5  0.20   2000
 28   35     5  0.20   5000
 28   35     5  0.10    500
 28   35     5  0.10   1000
 28   35     5  0.10   2000
 28   35     5  0.10   5000
 28   35     5  0.05    500
 28   35     5  0.05   1000
 28   35     5  0.05   2000
 28   35     5  0.05   5000
 28   35     5  0.01    500
 28   35     5  0.01   1000
 28   35     5  0.01   2000
 28   35     5  0.01   5000
 28   35     6  0.20    500
 28   35     6  0.20   1000
 28   35     6  0.20   2000
 28   35     6  0.20   5000
 28   35     6  0.10    500
 28   35     6  0.10   1000
 28   35     6  0.10   2000
 28   35     6  0.10   5000
 28   35     6  0.05    500
 28   35     6  0.05   1000
 28   35     6  0.05   2000
 28   35     6  0.05   5000
 28   35     6  0.01    500
 28   35     6  0.01   1000
 28   35     6  0.01   2000
 28   35     6  0.01   5000
 28   42     5  0.20    500
 28   42     5  0.20   1000
 28   42     5  0.20   2000
 28   42     5  0.20   5000
 28   42     5  0.10    500
 28   42     5  0.10   1000
 28   42     5  0.10   2000
 28   42     5  0.10   5000
 28   42     5  0.05    500
 28   42     5  0.05   1000
 28   42     5  0.05   2000
 28   42     5  0.05   5000
 28   42     5  0.01    500
 28   42     5  0.01   1000
 28   42     5  0.01   2000
 28   42     5  0.01   5000
 28   42     6  0.20    500
 28   42     6  0.20   1000
 28   42     6  0.20   2000
 28   42     6  0.20   5000
 28   42     6  0.10    500
 28   42     6  0.10   1000
 28   42     6  0.10   2000
 28   42     6  0.10   5000
 28   42     6  0.05    500
 28   42     6  0.05   1000
 28   42     6  0.05   2000
 28   42     6  0.05   5000
 28   42     6  0.01    500
 28   42     6  0.01   1000
 28   42     6  0.01   2000
 28   42     6  0.01   5000
