07    07    05    00.20    050
07    14    06    00.10    100
07    21    05    00.05    200
07    28    06    00.01    500
14    07    06    00.10    200
14    14    05    00.20    500
14    21    06    00.01    050
14    28    05    00.05    100
21    07    06    00.05    500
21    14    05    00.01    200
21    21    06    00.20    100
21    28    05    00.10    050
28    07    05    00.01    100
28    14    06    00.05    050
28    21    05    00.10    500
28    28    06    00.20    200
07    45    05    00.20    050
07    56    06    00.10    100
07    84    05    00.05    200
07   100    06    00.01    500
14    45    06    00.10    200
14    56    05    00.20    500
14    84    06    00.01    050
14   100    05    00.05    100
21    45    06    00.05    500
21    56    05    00.01    200
21    84    06    00.20    100
21   100    05    00.10    050
28    45    05    00.01    100
28    56    06    00.05    050
28    84    05    00.10    500
28   100    06    00.20    200
