% nSim ->     816
%      nExp        nIn        hLS      trFcn         lr        trC
         1          5          3          1       0.20       5000
         2          5          3          1       0.10       5000
         3          5          3          1       0.05       5000
         4          5          3          1       0.01       5000
         5          5          3          2       0.20       5000
         6          5          3          2       0.10       5000
         7          5          3          2       0.05       5000
         8          5          3          2       0.01       5000
         9          5          4          1       0.20       5000
        10          5          4          1       0.10       5000
        11          5          4          1       0.05       5000
        12          5          4          1       0.01       5000
        13          5          4          2       0.20       5000
        14          5          4          2       0.10       5000
        15          5          4          2       0.05       5000
        16          5          4          2       0.01       5000
        17          5          5          1       0.20       5000
        18          5          5          1       0.10       5000
        19          5          5          1       0.05       5000
        20          5          5          1       0.01       5000
        21          5          5          2       0.20       5000
        22          5          5          2       0.10       5000
        23          5          5          2       0.05       5000
        24          5          5          2       0.01       5000
        25          5          8          1       0.20       5000
        26          5          8          1       0.10       5000
        27          5          8          1       0.05       5000
        28          5          8          1       0.01       5000
        29          5          8          2       0.20       5000
        30          5          8          2       0.10       5000
        31          5          8          2       0.05       5000
        32          5          8          2       0.01       5000
        33          5         10          1       0.20       5000
        34          5         10          1       0.10       5000
        35          5         10          1       0.05       5000
        36          5         10          1       0.01       5000
        37          5         10          2       0.20       5000
        38          5         10          2       0.10       5000
        39          5         10          2       0.05       5000
        40          5         10          2       0.01       5000
        41          5         12          1       0.20       5000
        42          5         12          1       0.10       5000
        43          5         12          1       0.05       5000
        44          5         12          1       0.01       5000
        45          5         12          2       0.20       5000
        46          5         12          2       0.10       5000
        47          5         12          2       0.05       5000
        48          5         12          2       0.01       5000
        49          5         15          1       0.20       5000
        50          5         15          1       0.10       5000
        51          5         15          1       0.05       5000
        52          5         15          1       0.01       5000
        53          5         15          2       0.20       5000
        54          5         15          2       0.10       5000
        55          5         15          2       0.05       5000
        56          5         15          2       0.01       5000
        57          5         18          1       0.20       5000
        58          5         18          1       0.10       5000
        59          5         18          1       0.05       5000
        60          5         18          1       0.01       5000
        61          5         18          2       0.20       5000
        62          5         18          2       0.10       5000
        63          5         18          2       0.05       5000
        64          5         18          2       0.01       5000
        65          5         20          1       0.20       5000
        66          5         20          1       0.10       5000
        67          5         20          1       0.05       5000
        68          5         20          1       0.01       5000
        69          5         20          2       0.20       5000
        70          5         20          2       0.10       5000
        71          5         20          2       0.05       5000
        72          5         20          2       0.01       5000
        73          5         25          1       0.20       5000
        74          5         25          1       0.10       5000
        75          5         25          1       0.05       5000
        76          5         25          1       0.01       5000
        77          5         25          2       0.20       5000
        78          5         25          2       0.10       5000
        79          5         25          2       0.05       5000
        80          5         25          2       0.01       5000
        81          5         30          1       0.20       5000
        82          5         30          1       0.10       5000
        83          5         30          1       0.05       5000
        84          5         30          1       0.01       5000
        85          5         30          2       0.20       5000
        86          5         30          2       0.10       5000
        87          5         30          2       0.05       5000
        88          5         30          2       0.01       5000
        89          5         35          1       0.20       5000
        90          5         35          1       0.10       5000
        91          5         35          1       0.05       5000
        92          5         35          1       0.01       5000
        93          5         35          2       0.20       5000
        94          5         35          2       0.10       5000
        95          5         35          2       0.05       5000
        96          5         35          2       0.01       5000
        97          5         40          1       0.20       5000
        98          5         40          1       0.10       5000
        99          5         40          1       0.05       5000
       100          5         40          1       0.01       5000
       101          5         40          2       0.20       5000
       102          5         40          2       0.10       5000
       103          5         40          2       0.05       5000
       104          5         40          2       0.01       5000
       105          5         45          1       0.20       5000
       106          5         45          1       0.10       5000
       107          5         45          1       0.05       5000
       108          5         45          1       0.01       5000
       109          5         45          2       0.20       5000
       110          5         45          2       0.10       5000
       111          5         45          2       0.05       5000
       112          5         45          2       0.01       5000
       113          5         50          1       0.20       5000
       114          5         50          1       0.10       5000
       115          5         50          1       0.05       5000
       116          5         50          1       0.01       5000
       117          5         50          2       0.20       5000
       118          5         50          2       0.10       5000
       119          5         50          2       0.05       5000
       120          5         50          2       0.01       5000
       121          5         55          1       0.20       5000
       122          5         55          1       0.10       5000
       123          5         55          1       0.05       5000
       124          5         55          1       0.01       5000
       125          5         55          2       0.20       5000
       126          5         55          2       0.10       5000
       127          5         55          2       0.05       5000
       128          5         55          2       0.01       5000
       129          5         60          1       0.20       5000
       130          5         60          1       0.10       5000
       131          5         60          1       0.05       5000
       132          5         60          1       0.01       5000
       133          5         60          2       0.20       5000
       134          5         60          2       0.10       5000
       135          5         60          2       0.05       5000
       136          5         60          2       0.01       5000
       137         10          3          1       0.20       5000
       138         10          3          1       0.10       5000
       139         10          3          1       0.05       5000
       140         10          3          1       0.01       5000
       141         10          3          2       0.20       5000
       142         10          3          2       0.10       5000
       143         10          3          2       0.05       5000
       144         10          3          2       0.01       5000
       145         10          4          1       0.20       5000
       146         10          4          1       0.10       5000
       147         10          4          1       0.05       5000
       148         10          4          1       0.01       5000
       149         10          4          2       0.20       5000
       150         10          4          2       0.10       5000
       151         10          4          2       0.05       5000
       152         10          4          2       0.01       5000
       153         10          5          1       0.20       5000
       154         10          5          1       0.10       5000
       155         10          5          1       0.05       5000
       156         10          5          1       0.01       5000
       157         10          5          2       0.20       5000
       158         10          5          2       0.10       5000
       159         10          5          2       0.05       5000
       160         10          5          2       0.01       5000
       161         10          8          1       0.20       5000
       162         10          8          1       0.10       5000
       163         10          8          1       0.05       5000
       164         10          8          1       0.01       5000
       165         10          8          2       0.20       5000
       166         10          8          2       0.10       5000
       167         10          8          2       0.05       5000
       168         10          8          2       0.01       5000
       169         10         10          1       0.20       5000
       170         10         10          1       0.10       5000
       171         10         10          1       0.05       5000
       172         10         10          1       0.01       5000
       173         10         10          2       0.20       5000
       174         10         10          2       0.10       5000
       175         10         10          2       0.05       5000
       176         10         10          2       0.01       5000
       177         10         12          1       0.20       5000
       178         10         12          1       0.10       5000
       179         10         12          1       0.05       5000
       180         10         12          1       0.01       5000
       181         10         12          2       0.20       5000
       182         10         12          2       0.10       5000
       183         10         12          2       0.05       5000
       184         10         12          2       0.01       5000
       185         10         15          1       0.20       5000
       186         10         15          1       0.10       5000
       187         10         15          1       0.05       5000
       188         10         15          1       0.01       5000
       189         10         15          2       0.20       5000
       190         10         15          2       0.10       5000
       191         10         15          2       0.05       5000
       192         10         15          2       0.01       5000
       193         10         18          1       0.20       5000
       194         10         18          1       0.10       5000
       195         10         18          1       0.05       5000
       196         10         18          1       0.01       5000
       197         10         18          2       0.20       5000
       198         10         18          2       0.10       5000
       199         10         18          2       0.05       5000
       200         10         18          2       0.01       5000
       201         10         20          1       0.20       5000
       202         10         20          1       0.10       5000
       203         10         20          1       0.05       5000
       204         10         20          1       0.01       5000
       205         10         20          2       0.20       5000
       206         10         20          2       0.10       5000
       207         10         20          2       0.05       5000
       208         10         20          2       0.01       5000
       209         10         25          1       0.20       5000
       210         10         25          1       0.10       5000
       211         10         25          1       0.05       5000
       212         10         25          1       0.01       5000
       213         10         25          2       0.20       5000
       214         10         25          2       0.10       5000
       215         10         25          2       0.05       5000
       216         10         25          2       0.01       5000
       217         10         30          1       0.20       5000
       218         10         30          1       0.10       5000
       219         10         30          1       0.05       5000
       220         10         30          1       0.01       5000
       221         10         30          2       0.20       5000
       222         10         30          2       0.10       5000
       223         10         30          2       0.05       5000
       224         10         30          2       0.01       5000
       225         10         35          1       0.20       5000
       226         10         35          1       0.10       5000
       227         10         35          1       0.05       5000
       228         10         35          1       0.01       5000
       229         10         35          2       0.20       5000
       230         10         35          2       0.10       5000
       231         10         35          2       0.05       5000
       232         10         35          2       0.01       5000
       233         10         40          1       0.20       5000
       234         10         40          1       0.10       5000
       235         10         40          1       0.05       5000
       236         10         40          1       0.01       5000
       237         10         40          2       0.20       5000
       238         10         40          2       0.10       5000
       239         10         40          2       0.05       5000
       240         10         40          2       0.01       5000
       241         10         45          1       0.20       5000
       242         10         45          1       0.10       5000
       243         10         45          1       0.05       5000
       244         10         45          1       0.01       5000
       245         10         45          2       0.20       5000
       246         10         45          2       0.10       5000
       247         10         45          2       0.05       5000
       248         10         45          2       0.01       5000
       249         10         50          1       0.20       5000
       250         10         50          1       0.10       5000
       251         10         50          1       0.05       5000
       252         10         50          1       0.01       5000
       253         10         50          2       0.20       5000
       254         10         50          2       0.10       5000
       255         10         50          2       0.05       5000
       256         10         50          2       0.01       5000
       257         10         55          1       0.20       5000
       258         10         55          1       0.10       5000
       259         10         55          1       0.05       5000
       260         10         55          1       0.01       5000
       261         10         55          2       0.20       5000
       262         10         55          2       0.10       5000
       263         10         55          2       0.05       5000
       264         10         55          2       0.01       5000
       265         10         60          1       0.20       5000
       266         10         60          1       0.10       5000
       267         10         60          1       0.05       5000
       268         10         60          1       0.01       5000
       269         10         60          2       0.20       5000
       270         10         60          2       0.10       5000
       271         10         60          2       0.05       5000
       272         10         60          2       0.01       5000
       273         15          3          1       0.20       5000
       274         15          3          1       0.10       5000
       275         15          3          1       0.05       5000
       276         15          3          1       0.01       5000
       277         15          3          2       0.20       5000
       278         15          3          2       0.10       5000
       279         15          3          2       0.05       5000
       280         15          3          2       0.01       5000
       281         15          4          1       0.20       5000
       282         15          4          1       0.10       5000
       283         15          4          1       0.05       5000
       284         15          4          1       0.01       5000
       285         15          4          2       0.20       5000
       286         15          4          2       0.10       5000
       287         15          4          2       0.05       5000
       288         15          4          2       0.01       5000
       289         15          5          1       0.20       5000
       290         15          5          1       0.10       5000
       291         15          5          1       0.05       5000
       292         15          5          1       0.01       5000
       293         15          5          2       0.20       5000
       294         15          5          2       0.10       5000
       295         15          5          2       0.05       5000
       296         15          5          2       0.01       5000
       297         15          8          1       0.20       5000
       298         15          8          1       0.10       5000
       299         15          8          1       0.05       5000
       300         15          8          1       0.01       5000
       301         15          8          2       0.20       5000
       302         15          8          2       0.10       5000
       303         15          8          2       0.05       5000
       304         15          8          2       0.01       5000
       305         15         10          1       0.20       5000
       306         15         10          1       0.10       5000
       307         15         10          1       0.05       5000
       308         15         10          1       0.01       5000
       309         15         10          2       0.20       5000
       310         15         10          2       0.10       5000
       311         15         10          2       0.05       5000
       312         15         10          2       0.01       5000
       313         15         12          1       0.20       5000
       314         15         12          1       0.10       5000
       315         15         12          1       0.05       5000
       316         15         12          1       0.01       5000
       317         15         12          2       0.20       5000
       318         15         12          2       0.10       5000
       319         15         12          2       0.05       5000
       320         15         12          2       0.01       5000
       321         15         15          1       0.20       5000
       322         15         15          1       0.10       5000
       323         15         15          1       0.05       5000
       324         15         15          1       0.01       5000
       325         15         15          2       0.20       5000
       326         15         15          2       0.10       5000
       327         15         15          2       0.05       5000
       328         15         15          2       0.01       5000
       329         15         18          1       0.20       5000
       330         15         18          1       0.10       5000
       331         15         18          1       0.05       5000
       332         15         18          1       0.01       5000
       333         15         18          2       0.20       5000
       334         15         18          2       0.10       5000
       335         15         18          2       0.05       5000
       336         15         18          2       0.01       5000
       337         15         20          1       0.20       5000
       338         15         20          1       0.10       5000
       339         15         20          1       0.05       5000
       340         15         20          1       0.01       5000
       341         15         20          2       0.20       5000
       342         15         20          2       0.10       5000
       343         15         20          2       0.05       5000
       344         15         20          2       0.01       5000
       345         15         25          1       0.20       5000
       346         15         25          1       0.10       5000
       347         15         25          1       0.05       5000
       348         15         25          1       0.01       5000
       349         15         25          2       0.20       5000
       350         15         25          2       0.10       5000
       351         15         25          2       0.05       5000
       352         15         25          2       0.01       5000
       353         15         30          1       0.20       5000
       354         15         30          1       0.10       5000
       355         15         30          1       0.05       5000
       356         15         30          1       0.01       5000
       357         15         30          2       0.20       5000
       358         15         30          2       0.10       5000
       359         15         30          2       0.05       5000
       360         15         30          2       0.01       5000
       361         15         35          1       0.20       5000
       362         15         35          1       0.10       5000
       363         15         35          1       0.05       5000
       364         15         35          1       0.01       5000
       365         15         35          2       0.20       5000
       366         15         35          2       0.10       5000
       367         15         35          2       0.05       5000
       368         15         35          2       0.01       5000
       369         15         40          1       0.20       5000
       370         15         40          1       0.10       5000
       371         15         40          1       0.05       5000
       372         15         40          1       0.01       5000
       373         15         40          2       0.20       5000
       374         15         40          2       0.10       5000
       375         15         40          2       0.05       5000
       376         15         40          2       0.01       5000
       377         15         45          1       0.20       5000
       378         15         45          1       0.10       5000
       379         15         45          1       0.05       5000
       380         15         45          1       0.01       5000
       381         15         45          2       0.20       5000
       382         15         45          2       0.10       5000
       383         15         45          2       0.05       5000
       384         15         45          2       0.01       5000
       385         15         50          1       0.20       5000
       386         15         50          1       0.10       5000
       387         15         50          1       0.05       5000
       388         15         50          1       0.01       5000
       389         15         50          2       0.20       5000
       390         15         50          2       0.10       5000
       391         15         50          2       0.05       5000
       392         15         50          2       0.01       5000
       393         15         55          1       0.20       5000
       394         15         55          1       0.10       5000
       395         15         55          1       0.05       5000
       396         15         55          1       0.01       5000
       397         15         55          2       0.20       5000
       398         15         55          2       0.10       5000
       399         15         55          2       0.05       5000
       400         15         55          2       0.01       5000
       401         15         60          1       0.20       5000
       402         15         60          1       0.10       5000
       403         15         60          1       0.05       5000
       404         15         60          1       0.01       5000
       405         15         60          2       0.20       5000
       406         15         60          2       0.10       5000
       407         15         60          2       0.05       5000
       408         15         60          2       0.01       5000
       409         20          3          1       0.20       5000
       410         20          3          1       0.10       5000
       411         20          3          1       0.05       5000
       412         20          3          1       0.01       5000
       413         20          3          2       0.20       5000
       414         20          3          2       0.10       5000
       415         20          3          2       0.05       5000
       416         20          3          2       0.01       5000
       417         20          4          1       0.20       5000
       418         20          4          1       0.10       5000
       419         20          4          1       0.05       5000
       420         20          4          1       0.01       5000
       421         20          4          2       0.20       5000
       422         20          4          2       0.10       5000
       423         20          4          2       0.05       5000
       424         20          4          2       0.01       5000
       425         20          5          1       0.20       5000
       426         20          5          1       0.10       5000
       427         20          5          1       0.05       5000
       428         20          5          1       0.01       5000
       429         20          5          2       0.20       5000
       430         20          5          2       0.10       5000
       431         20          5          2       0.05       5000
       432         20          5          2       0.01       5000
       433         20          8          1       0.20       5000
       434         20          8          1       0.10       5000
       435         20          8          1       0.05       5000
       436         20          8          1       0.01       5000
       437         20          8          2       0.20       5000
       438         20          8          2       0.10       5000
       439         20          8          2       0.05       5000
       440         20          8          2       0.01       5000
       441         20         10          1       0.20       5000
       442         20         10          1       0.10       5000
       443         20         10          1       0.05       5000
       444         20         10          1       0.01       5000
       445         20         10          2       0.20       5000
       446         20         10          2       0.10       5000
       447         20         10          2       0.05       5000
       448         20         10          2       0.01       5000
       449         20         12          1       0.20       5000
       450         20         12          1       0.10       5000
       451         20         12          1       0.05       5000
       452         20         12          1       0.01       5000
       453         20         12          2       0.20       5000
       454         20         12          2       0.10       5000
       455         20         12          2       0.05       5000
       456         20         12          2       0.01       5000
       457         20         15          1       0.20       5000
       458         20         15          1       0.10       5000
       459         20         15          1       0.05       5000
       460         20         15          1       0.01       5000
       461         20         15          2       0.20       5000
       462         20         15          2       0.10       5000
       463         20         15          2       0.05       5000
       464         20         15          2       0.01       5000
       465         20         18          1       0.20       5000
       466         20         18          1       0.10       5000
       467         20         18          1       0.05       5000
       468         20         18          1       0.01       5000
       469         20         18          2       0.20       5000
       470         20         18          2       0.10       5000
       471         20         18          2       0.05       5000
       472         20         18          2       0.01       5000
       473         20         20          1       0.20       5000
       474         20         20          1       0.10       5000
       475         20         20          1       0.05       5000
       476         20         20          1       0.01       5000
       477         20         20          2       0.20       5000
       478         20         20          2       0.10       5000
       479         20         20          2       0.05       5000
       480         20         20          2       0.01       5000
       481         20         25          1       0.20       5000
       482         20         25          1       0.10       5000
       483         20         25          1       0.05       5000
       484         20         25          1       0.01       5000
       485         20         25          2       0.20       5000
       486         20         25          2       0.10       5000
       487         20         25          2       0.05       5000
       488         20         25          2       0.01       5000
       489         20         30          1       0.20       5000
       490         20         30          1       0.10       5000
       491         20         30          1       0.05       5000
       492         20         30          1       0.01       5000
       493         20         30          2       0.20       5000
       494         20         30          2       0.10       5000
       495         20         30          2       0.05       5000
       496         20         30          2       0.01       5000
       497         20         35          1       0.20       5000
       498         20         35          1       0.10       5000
       499         20         35          1       0.05       5000
       500         20         35          1       0.01       5000
       501         20         35          2       0.20       5000
       502         20         35          2       0.10       5000
       503         20         35          2       0.05       5000
       504         20         35          2       0.01       5000
       505         20         40          1       0.20       5000
       506         20         40          1       0.10       5000
       507         20         40          1       0.05       5000
       508         20         40          1       0.01       5000
       509         20         40          2       0.20       5000
       510         20         40          2       0.10       5000
       511         20         40          2       0.05       5000
       512         20         40          2       0.01       5000
       513         20         45          1       0.20       5000
       514         20         45          1       0.10       5000
       515         20         45          1       0.05       5000
       516         20         45          1       0.01       5000
       517         20         45          2       0.20       5000
       518         20         45          2       0.10       5000
       519         20         45          2       0.05       5000
       520         20         45          2       0.01       5000
       521         20         50          1       0.20       5000
       522         20         50          1       0.10       5000
       523         20         50          1       0.05       5000
       524         20         50          1       0.01       5000
       525         20         50          2       0.20       5000
       526         20         50          2       0.10       5000
       527         20         50          2       0.05       5000
       528         20         50          2       0.01       5000
       529         20         55          1       0.20       5000
       530         20         55          1       0.10       5000
       531         20         55          1       0.05       5000
       532         20         55          1       0.01       5000
       533         20         55          2       0.20       5000
       534         20         55          2       0.10       5000
       535         20         55          2       0.05       5000
       536         20         55          2       0.01       5000
       537         20         60          1       0.20       5000
       538         20         60          1       0.10       5000
       539         20         60          1       0.05       5000
       540         20         60          1       0.01       5000
       541         20         60          2       0.20       5000
       542         20         60          2       0.10       5000
       543         20         60          2       0.05       5000
       544         20         60          2       0.01       5000
       545         25          3          1       0.20       5000
       546         25          3          1       0.10       5000
       547         25          3          1       0.05       5000
       548         25          3          1       0.01       5000
       549         25          3          2       0.20       5000
       550         25          3          2       0.10       5000
       551         25          3          2       0.05       5000
       552         25          3          2       0.01       5000
       553         25          4          1       0.20       5000
       554         25          4          1       0.10       5000
       555         25          4          1       0.05       5000
       556         25          4          1       0.01       5000
       557         25          4          2       0.20       5000
       558         25          4          2       0.10       5000
       559         25          4          2       0.05       5000
       560         25          4          2       0.01       5000
       561         25          5          1       0.20       5000
       562         25          5          1       0.10       5000
       563         25          5          1       0.05       5000
       564         25          5          1       0.01       5000
       565         25          5          2       0.20       5000
       566         25          5          2       0.10       5000
       567         25          5          2       0.05       5000
       568         25          5          2       0.01       5000
       569         25          8          1       0.20       5000
       570         25          8          1       0.10       5000
       571         25          8          1       0.05       5000
       572         25          8          1       0.01       5000
       573         25          8          2       0.20       5000
       574         25          8          2       0.10       5000
       575         25          8          2       0.05       5000
       576         25          8          2       0.01       5000
       577         25         10          1       0.20       5000
       578         25         10          1       0.10       5000
       579         25         10          1       0.05       5000
       580         25         10          1       0.01       5000
       581         25         10          2       0.20       5000
       582         25         10          2       0.10       5000
       583         25         10          2       0.05       5000
       584         25         10          2       0.01       5000
       585         25         12          1       0.20       5000
       586         25         12          1       0.10       5000
       587         25         12          1       0.05       5000
       588         25         12          1       0.01       5000
       589         25         12          2       0.20       5000
       590         25         12          2       0.10       5000
       591         25         12          2       0.05       5000
       592         25         12          2       0.01       5000
       593         25         15          1       0.20       5000
       594         25         15          1       0.10       5000
       595         25         15          1       0.05       5000
       596         25         15          1       0.01       5000
       597         25         15          2       0.20       5000
       598         25         15          2       0.10       5000
       599         25         15          2       0.05       5000
       600         25         15          2       0.01       5000
       601         25         18          1       0.20       5000
       602         25         18          1       0.10       5000
       603         25         18          1       0.05       5000
       604         25         18          1       0.01       5000
       605         25         18          2       0.20       5000
       606         25         18          2       0.10       5000
       607         25         18          2       0.05       5000
       608         25         18          2       0.01       5000
       609         25         20          1       0.20       5000
       610         25         20          1       0.10       5000
       611         25         20          1       0.05       5000
       612         25         20          1       0.01       5000
       613         25         20          2       0.20       5000
       614         25         20          2       0.10       5000
       615         25         20          2       0.05       5000
       616         25         20          2       0.01       5000
       617         25         25          1       0.20       5000
       618         25         25          1       0.10       5000
       619         25         25          1       0.05       5000
       620         25         25          1       0.01       5000
       621         25         25          2       0.20       5000
       622         25         25          2       0.10       5000
       623         25         25          2       0.05       5000
       624         25         25          2       0.01       5000
       625         25         30          1       0.20       5000
       626         25         30          1       0.10       5000
       627         25         30          1       0.05       5000
       628         25         30          1       0.01       5000
       629         25         30          2       0.20       5000
       630         25         30          2       0.10       5000
       631         25         30          2       0.05       5000
       632         25         30          2       0.01       5000
       633         25         35          1       0.20       5000
       634         25         35          1       0.10       5000
       635         25         35          1       0.05       5000
       636         25         35          1       0.01       5000
       637         25         35          2       0.20       5000
       638         25         35          2       0.10       5000
       639         25         35          2       0.05       5000
       640         25         35          2       0.01       5000
       641         25         40          1       0.20       5000
       642         25         40          1       0.10       5000
       643         25         40          1       0.05       5000
       644         25         40          1       0.01       5000
       645         25         40          2       0.20       5000
       646         25         40          2       0.10       5000
       647         25         40          2       0.05       5000
       648         25         40          2       0.01       5000
       649         25         45          1       0.20       5000
       650         25         45          1       0.10       5000
       651         25         45          1       0.05       5000
       652         25         45          1       0.01       5000
       653         25         45          2       0.20       5000
       654         25         45          2       0.10       5000
       655         25         45          2       0.05       5000
       656         25         45          2       0.01       5000
       657         25         50          1       0.20       5000
       658         25         50          1       0.10       5000
       659         25         50          1       0.05       5000
       660         25         50          1       0.01       5000
       661         25         50          2       0.20       5000
       662         25         50          2       0.10       5000
       663         25         50          2       0.05       5000
       664         25         50          2       0.01       5000
       665         25         55          1       0.20       5000
       666         25         55          1       0.10       5000
       667         25         55          1       0.05       5000
       668         25         55          1       0.01       5000
       669         25         55          2       0.20       5000
       670         25         55          2       0.10       5000
       671         25         55          2       0.05       5000
       672         25         55          2       0.01       5000
       673         25         60          1       0.20       5000
       674         25         60          1       0.10       5000
       675         25         60          1       0.05       5000
       676         25         60          1       0.01       5000
       677         25         60          2       0.20       5000
       678         25         60          2       0.10       5000
       679         25         60          2       0.05       5000
       680         25         60          2       0.01       5000
       681         30          3          1       0.20       5000
       682         30          3          1       0.10       5000
       683         30          3          1       0.05       5000
       684         30          3          1       0.01       5000
       685         30          3          2       0.20       5000
       686         30          3          2       0.10       5000
       687         30          3          2       0.05       5000
       688         30          3          2       0.01       5000
       689         30          4          1       0.20       5000
       690         30          4          1       0.10       5000
       691         30          4          1       0.05       5000
       692         30          4          1       0.01       5000
       693         30          4          2       0.20       5000
       694         30          4          2       0.10       5000
       695         30          4          2       0.05       5000
       696         30          4          2       0.01       5000
       697         30          5          1       0.20       5000
       698         30          5          1       0.10       5000
       699         30          5          1       0.05       5000
       700         30          5          1       0.01       5000
       701         30          5          2       0.20       5000
       702         30          5          2       0.10       5000
       703         30          5          2       0.05       5000
       704         30          5          2       0.01       5000
       705         30          8          1       0.20       5000
       706         30          8          1       0.10       5000
       707         30          8          1       0.05       5000
       708         30          8          1       0.01       5000
       709         30          8          2       0.20       5000
       710         30          8          2       0.10       5000
       711         30          8          2       0.05       5000
       712         30          8          2       0.01       5000
       713         30         10          1       0.20       5000
       714         30         10          1       0.10       5000
       715         30         10          1       0.05       5000
       716         30         10          1       0.01       5000
       717         30         10          2       0.20       5000
       718         30         10          2       0.10       5000
       719         30         10          2       0.05       5000
       720         30         10          2       0.01       5000
       721         30         12          1       0.20       5000
       722         30         12          1       0.10       5000
       723         30         12          1       0.05       5000
       724         30         12          1       0.01       5000
       725         30         12          2       0.20       5000
       726         30         12          2       0.10       5000
       727         30         12          2       0.05       5000
       728         30         12          2       0.01       5000
       729         30         15          1       0.20       5000
       730         30         15          1       0.10       5000
       731         30         15          1       0.05       5000
       732         30         15          1       0.01       5000
       733         30         15          2       0.20       5000
       734         30         15          2       0.10       5000
       735         30         15          2       0.05       5000
       736         30         15          2       0.01       5000
       737         30         18          1       0.20       5000
       738         30         18          1       0.10       5000
       739         30         18          1       0.05       5000
       740         30         18          1       0.01       5000
       741         30         18          2       0.20       5000
       742         30         18          2       0.10       5000
       743         30         18          2       0.05       5000
       744         30         18          2       0.01       5000
       745         30         20          1       0.20       5000
       746         30         20          1       0.10       5000
       747         30         20          1       0.05       5000
       748         30         20          1       0.01       5000
       749         30         20          2       0.20       5000
       750         30         20          2       0.10       5000
       751         30         20          2       0.05       5000
       752         30         20          2       0.01       5000
       753         30         25          1       0.20       5000
       754         30         25          1       0.10       5000
       755         30         25          1       0.05       5000
       756         30         25          1       0.01       5000
       757         30         25          2       0.20       5000
       758         30         25          2       0.10       5000
       759         30         25          2       0.05       5000
       760         30         25          2       0.01       5000
       761         30         30          1       0.20       5000
       762         30         30          1       0.10       5000
       763         30         30          1       0.05       5000
       764         30         30          1       0.01       5000
       765         30         30          2       0.20       5000
       766         30         30          2       0.10       5000
       767         30         30          2       0.05       5000
       768         30         30          2       0.01       5000
       769         30         35          1       0.20       5000
       770         30         35          1       0.10       5000
       771         30         35          1       0.05       5000
       772         30         35          1       0.01       5000
       773         30         35          2       0.20       5000
       774         30         35          2       0.10       5000
       775         30         35          2       0.05       5000
       776         30         35          2       0.01       5000
       777         30         40          1       0.20       5000
       778         30         40          1       0.10       5000
       779         30         40          1       0.05       5000
       780         30         40          1       0.01       5000
       781         30         40          2       0.20       5000
       782         30         40          2       0.10       5000
       783         30         40          2       0.05       5000
       784         30         40          2       0.01       5000
       785         30         45          1       0.20       5000
       786         30         45          1       0.10       5000
       787         30         45          1       0.05       5000
       788         30         45          1       0.01       5000
       789         30         45          2       0.20       5000
       790         30         45          2       0.10       5000
       791         30         45          2       0.05       5000
       792         30         45          2       0.01       5000
       793         30         50          1       0.20       5000
       794         30         50          1       0.10       5000
       795         30         50          1       0.05       5000
       796         30         50          1       0.01       5000
       797         30         50          2       0.20       5000
       798         30         50          2       0.10       5000
       799         30         50          2       0.05       5000
       800         30         50          2       0.01       5000
       801         30         55          1       0.20       5000
       802         30         55          1       0.10       5000
       803         30         55          1       0.05       5000
       804         30         55          1       0.01       5000
       805         30         55          2       0.20       5000
       806         30         55          2       0.10       5000
       807         30         55          2       0.05       5000
       808         30         55          2       0.01       5000
       809         30         60          1       0.20       5000
       810         30         60          1       0.10       5000
       811         30         60          1       0.05       5000
       812         30         60          1       0.01       5000
       813         30         60          2       0.20       5000
       814         30         60          2       0.10       5000
       815         30         60          2       0.05       5000
       816         30         60          2       0.01       5000
