% nSim ->    1944
%nExp nIn      hLS    trFcn          lr        trC
01     28       06       05       00.20       5000
02     28       06       05       00.10       1000
03     28       06       06       00.20       2000
04     28       06       06       00.05       1000
05     28       12       05       00.10       1000
06     28       12       06       00.20       5000
07     28       12       06       00.20       5000
08     28       24       05       00.10       2000
09     28       24       05       00.05       5000
10     28       24       06       00.10       1000
11     28       36       05       00.10       5000
12     28       36       05       00.05       2000
13     28       36       06       00.05       2000
14     28       48       05       00.20       2000
15     28       48       06       00.20       1000
16     28       48       06       00.05       1000
17     52       12       05       00.20       2000
18     52       12       06       00.10       1000
19     52       12       06       00.05       1000
20     52       12       06       00.05       5000
21     52       24       05       00.20       2000
22     52       24       05       00.05       1000
23     52       24       06       00.10       2000
24     52       24       06       00.05       1000
25     52       48       05       00.20       1000
26     52       48       05       00.20       1000
27     52       48       05       00.05       5000
28     52       48       06       00.20       2000
29     52       72       05       00.05       5000
30     52       72       06       00.10       2000
31     52       72       06       00.10       5000
32     52       96       05       00.20       5000
33     52       96       05       00.10       2000
34     52       96       06       00.10       5000
35     76       24       05       00.10       2000
36     76       24       05       00.10       5000
37     76       24       05       00.05       2000
38     76       24       06       00.20       5000
39     76       48       05       00.10       1000
40     76       48       05       00.05       5000
41     76       48       06       00.20       2000
42     76       72       06       00.20       5000
43     76       72       06       00.10       1000
44     76       72       06       00.05       2000
45     76       96       05       00.20       1000
46     76       96       05       00.20       1000
47     76       96       06       00.20       1000
48     76      120       05       00.05       1000
49     76      120       06       00.10       5000
50     76      120       06       00.05       2000
